serial	weight
51001	.504
51002	.504
51003	.952
51005	.978
51006	.978
51007	1.22
51008	1.247
51009	1.508
51010	1.079
51013	.398
51014	.494
51015	.481
51016	.948
51017	1.221
51018	2.015
51020	.278
51021	.534
51023	.693
51024	.966
51025	1.501
51026	1.967
51027	1.273
51028	1.273
51029	.272
51030	.399
51031	.529
51034	1.016
51035	1.308
51036	1.308
51037	1.279
51038	2.158
51039	1.582
51040	.405
51041	.405
51042	.503
51043	.503
51044	.976
51045	.967
51046	1.217
51047	1.244
51049	1.077
51050	2.053
51051	.539
51052	.475
51053	.698
51054	1.337
51055	1.984
51056	3.314
51057	1.284
51058	.417
51059	.475
51060	.539
51061	.698
51062	1.337
51064	1.984
51065	1.984
51066	3.314
51067	1.79
51068	1.79
51070	.262
51071	.464
51072	.494
51073	.494
51074	.948
51075	1.194
51076	.93
51077	.93
51078	1.194
51079	1.477
51080	1.477
51081	.278
51082	.534
51083	.855
51084	.626
51087	1.501
51088	1.246
51089	1.501
51090	1.154
51091	1.273
51092	.966
51093	.235
51094	.405
51095	.49
51096	.503
51097	.49
51098	.49
51099	1.217
51100	.95
51101	2.053
51102	1.505
51103	.417
51104	.539
51105	.538
51107	.645
51108	1.514
51109	1.514
51110	1.984
51111	1.256
51112	1.79
51113	.256
51114	.485
51115	.498
51116	1.158
51117	.966
51118	.956
51119	1.204
51120	1.231
51121	1.065
51122	.319
51123	.28
51125	.539
51127	.698
51128	.645
51129	1.355
51130	1.514
51131	1.337
51132	1.164
51133	1.404
51134	.534
51135	.626
51136	.693
51137	.693
51138	.966
51139	1.246
51141	.278
51142	.533
51143	.728
51144	.693
51145	.693
51146	.855
51147	1.73
51148	1.343
51149	1.967
51150	1.154
51151	1.392
51152	.966
51153	.539
51154	.475
51155	.475
51156	.698
51158	.698
51159	.863
51160	1.355
51161	1.355
51162	1.514
51163	1.984
51164	1.514
51165	1.79
51166	1.284
51167	1.284
51168	.539
51169	.475
51170	.539
51171	.863
51172	.28
51173	.975
51174	1.514
51175	1.256
51176	1.79
51177	1.79
51178	3.314
51179	.28
51181	.539
51182	.735
51183	.863
51184	.698
51185	.863
51186	1.355
51187	1.984
51188	1.984
51189	1.404
51192	.252
51193	.475
51194	.488
51195	.597
51196	.92
51197	1.207
51198	1.181
51199	1.333
51200	1.461
51201	1.461
51202	1.461
51204	.393
51205	.393
51206	.488
51207	.597
51208	.938
51209	1.993
51210	1.181
51211	1.181
51212	1.207
51213	1.993
51214	1.461
51215	1.461
51216	1.045
52217	.202
52218	.202
52219	.863
52220	.452
52221	1.602
52222	.452
52223	1.602
52224	1.602
52225	.64
52226	1.602
52227	.377
52228	2.069
52230	.795
52231	3.034
52232	.943
52233	.943
52234	.202
52236	.943
52237	1.602
52238	.64
52239	.825
52241	3.034
52242	.298
52243	.902
52244	.357
52245	3.034
52246	2.064
52247	.91
52248	1.652
52249	1.652
52250	.708
52251	.258
52253	3.034
52254	1.652
61001	.235
61002	.406
61003	.406
61005	.504
61006	.831
61007	.978
61008	1.247
61009	1.079
61010	1.079
61012	2.057
61013	.23
61014	.398
61015	.464
61018	1.375
61019	1.221
61020	1.194
61021	1.194
61022	.728
61023	.693
61025	1.343
61026	1.73
61027	.966
61028	1.967
61029	1.501
61030	1.774
61031	.247
61032	.397
61033	.529
61034	.529
61035	1.473
61036	1.308
61037	1.279
61038	1.443
61039	1.443
61040	1.132
61041	.235
61042	.829
61043	.503
61044	.235
61045	.967
61047	1.244
61049	.948
61050	1.077
61051	2.053
61052	2.053
61053	.735
61054	.698
61056	1.337
61057	.975
61058	1.984
61059	1.79
61061	1.79
61063	.488
61064	.597
61067	1.181
61068	1.181
61069	1.181
61070	1.461
61071	1.461
61072	1.045
61073	.254
61074	.464
61076	.494
61077	.494
61078	.948
61080	.93
61081	1.221
61083	.534
61084	.693
61085	1.246
61086	1.967
61087	1.967
61088	1.246
61089	1.273
61090	.259
61091	.405
61092	.473
61094	.503
61095	.976
61096	.95
61098	1.244
61101	1.355
61102	.645
61103	1.745
61104	1.514
61105	1.404
61106	.228
61107	.228
61110	.805
61112	.597
61113	1.207
61114	1.181
61115	1.207
61116	1.333
61117	.401
61118	.498
61119	.609
61120	1.158
61121	1.387
61122	1.231
61123	1.359
61125	.297
61126	.38
61127	.491
61128	.504
61129	.491
61130	1.173
61131	.969
61132	.978
61133	1.247
61134	1.22
61135	1.22
61136	1.508
61137	1.508
61138	.262
61139	.371
61141	.481
61142	.948
61143	1.221
61144	2.015
61145	1.057
61146	.235
61147	.379
61148	.405
61149	.473
61150	.503
61151	.503
61152	1.171
61153	.967
61154	.976
61155	1.401
61156	1.217
61157	1.244
61158	1.401
61159	1.505
61160	1.373
61161	2.053
61162	.967
61163	.365
61165	.539
61166	.632
61169	1.79
61170	1.404
61171	.28
61172	.28
61173	.365
61174	.539
61175	.735
61176	.632
61177	.698
61178	1.745
61179	1.337
61181	1.984
61182	1.514
61183	1.79
61184	3.314
61185	3.314
61186	1.79
61187	1.79
61188	.459
61189	.488
61190	.488
61192	1.181
61193	1.333
61194	1.045
61195	1.461
61196	.28
61197	.632
61198	.645
61199	1.984
61200	1.984
61201	1.404
62202	.327
62203	1.359
62204	3.034
62205	.387
62206	1.816
62207	.632
62208	2.064
62209	2.064
62210	.301
62211	.969
62212	.301
62213	.969
62214	.969
62215	.601
62216	1.478
62217	.601
62218	.601
62219	1.478
62220	.91
62221	.625
62222	.625
62223	.625
62224	.566
62225	1.101
62226	1.101
62227	.202
62228	.452
62229	1.602
62230	.387
62231	1.191
62232	3.034
62233	.202
62235	.825
62236	.825
62237	.298
62238	.298
62240	.452
62241	1.602
62242	.387
62243	.91
62244	2.312
62245	.298
62246	.902
62247	.902
62248	.91
62249	3.034
62250	.825
62252	3.034
62253	.202
71001	.464
71002	.371
71003	.481
71004	.604
71005	.481
71006	.494
71007	1.375
71008	.948
71009	.958
71010	1.221
71011	.93
71013	1.347
71014	1.057
71016	1.325
71017	.966
71018	1.501
71019	1.501
71020	1.246
71022	3.286
71023	1.774
71024	.529
71026	.647
71027	.529
71028	1.026
71029	1.308
71030	1.279
71031	1.279
71032	1.132
71033	1.132
71034	1.443
71035	.645
71036	.645
71037	1.337
71038	1.337
71039	1.984
71041	.367
71042	.393
71043	.805
71044	.488
71045	1.136
71046	1.207
71047	.92
71048	.922
71049	1.993
71050	1.993
71052	.398
71053	.464
71054	.604
71056	.958
71057	1.057
71058	1.194
71059	1.194
71060	1.194
71061	1.477
71062	1.347
71063	1.057
71064	.254
71065	.372
71066	.372
71067	.494
71068	.481
71069	.604
71071	1.221
71072	.259
71073	.259
71074	.235
71075	.378
71077	.615
71078	.976
71079	1.217
71080	1.077
71081	1.077
71083	.228
71084	.259
71085	.597
71086	.597
71087	1.136
71088	1.36
71089	.947
71090	1.207
71091	.92
71092	1.461
71093	1.045
71094	1.333
71095	.393
71097	.393
71099	.488
71100	.488
71101	.938
71102	.938
71103	1.207
71104	1.181
71105	1.181
71107	1.045
71108	.365
71109	.475
71112	.698
71113	1.745
71114	.975
71116	1.256
71118	.38
71119	.38
71120	.504
71121	.616
71122	.504
71123	.978
71124	.978
71125	1.22
71126	1.22
71127	.952
71128	.952
71129	2.057
71130	.534
71131	.247
71132	.647
71133	.529
71134	.529
71135	.647
71136	.999
71137	1.279
71138	1.443
71139	1.132
71140	2.158
71141	.28
71142	.539
71143	.698
71144	.975
71145	1.79
71146	.287
71147	.228
71148	.393
71149	.488
71151	.597
71152	.938
71153	1.181
71154	1.207
71155	1.461
71156	1.993
71157	.365
71158	.539
71159	.698
71160	.698
71161	.698
71162	1.355
71163	.975
71164	1.514
71165	.698
71166	1.284
71167	.975
71168	1.355
71169	1.164
71170	1.514
71171	1.79
71172	.406
71173	1.22
71174	1.079
71175	.297
71176	.831
71178	1.404
71179	.969
71235	.401
71236	.401
71237	.609
71238	.966
71239	1.204
71240	1.065
71241	1.065
71242	.956
71243	.639
71244	1.273
71245	3.314
71246	.975
71247	1.984
71249	1.355
71250	.232
71251	.498
71252	.539
71253	1.164
71254	1.164
71255	1.404
71257	1.376
71258	1.22
71259	.406
71268	.459
71269	1.136
71270	.967
71272	1.279
72180	.202
72181	.863
72182	.863
72183	.202
72184	.202
72185	.601
72186	1.478
72187	.766
72188	1.974
72189	1.974
72190	1.974
72191	.469
72192	1.496
72193	.469
72194	.298
72195	.298
72196	.298
72197	.902
72198	.902
72199	.301
72200	.301
72201	1.359
72202	.202
72203	.943
72204	.202
72205	.825
72206	.283
72207	.283
72208	1.667
72209	.202
72210	.708
72211	.923
72212	.423
72213	1.24
72214	1.24
72215	.632
72217	2.064
72220	.632
72221	.327
72222	1.359
72223	1.359
72224	.202
72225	.202
72226	.943
72227	.387
72228	.795
72229	.795
72230	3.034
72231	.387
72232	.387
72233	2.113
72234	.632
72260	.825
72262	.202
72263	.828
72264	.309
72265	.708
72266	.708
72274	.943
72275	.943
72276	.825
81001	.254
81002	.371
81003	.494
81004	.494
81005	.494
81006	.481
81007	.958
81008	.948
81009	1.221
81012	.693
81014	.639
81015	1.73
81016	.966
81017	1.501
81018	1.774
81020	.372
81021	.398
81022	.398
81023	.604
81024	.813
81025	.948
81026	1.221
81027	1.221
81028	1.194
81029	.932
81030	1.057
81032	.464
81033	.372
81034	.481
81037	1.375
81038	1.149
81039	1.221
81041	1.347
81042	.698
81043	.698
81044	.975
81045	1.984
81046	3.314
81047	.401
81048	.401
81049	.374
81050	.498
81051	.498
81055	1.231
81056	.94
81057	1.204
81058	1.231
81059	1.204
81060	1.204
81061	1.359
81062	1.359
81063	1.065
81065	.969
81066	.978
81067	1.22
81068	1.247
81069	1.079
81070	1.079
81071	1.508
81072	.504
81073	.504
81074	.504
81075	.978
81076	.95
81077	1.079
81078	1.079
81079	.247
81080	.247
81081	.647
81083	.647
81084	1.026
81085	1.473
81086	1.308
81087	1.279
81088	2.158
81089	.399
81090	1.582
81091	1.026
81092	.529
81093	.529
81094	1.279
81095	1.279
81096	.996
81097	1.582
81098	2.158
81100	1.514
81101	.698
81102	.698
81103	.645
81104	1.745
81105	1.337
81106	.975
81107	1.514
81108	1.984
81109	1.984
81110	1.79
81111	1.404
81112	1.284
81113	.485
81114	.232
81115	.232
81116	.468
81118	.485
81119	.498
81120	.609
81121	.498
81122	.609
81123	.956
81124	1.158
81125	1.231
81126	1.231
81127	1.231
81128	2.031
81129	1.489
81130	1.065
81131	.475
81133	.488
81134	.597
81135	1.207
81137	.922
81138	1.045
81139	.938
81141	.597
81142	.488
81143	.597
81144	1.36
81145	1.36
81146	1.207
81148	1.207
81149	1.207
81150	1.333
81151	1.045
81152	.398
81153	.494
81155	.494
81156	.93
81158	1.194
81160	1.477
81161	1.477
81162	.647
81163	.529
81165	1.026
81166	1.473
81167	1.279
81168	.996
81170	1.132
81171	1.132
81172	.28
81173	.28
81174	.538
81175	.698
81176	1.355
81177	1.355
81178	1.984
81179	.975
81180	.698
81181	.698
81183	1.355
81184	.975
81186	1.514
81187	1.79
81188	3.314
81189	3.314
81190	.539
81191	.863
81192	.632
81193	.645
81194	1.337
81195	.975
81196	.975
81197	1.337
81198	1.514
81200	1.404
81201	1.404
81202	1.284
81203	.459
81204	.393
81205	.805
81206	.597
81207	.488
81208	.947
81209	1.181
81210	1.181
81211	1.207
81212	1.993
81213	1.045
81214	1.461
81276	1.016
81277	1.582
81278	.488
81280	1.207
81281	1.279
81283	1.164
81284	.498
81286	1.194
81287	.365
81288	.698
81292	.958
81293	.406
82215	.298
82216	.298
82218	1.224
82219	1.974
82220	.506
82221	1.317
82222	1.317
82223	.506
82226	.357
82227	.357
82228	.298
82229	.902
82230	.202
82231	.202
82232	.202
82233	.423
82234	1.24
82235	.423
82236	1.24
82237	.298
82238	.902
82239	.902
82240	.902
82241	2.312
82242	.506
82243	.452
82244	1.602
82245	1.602
82246	1.602
82247	.409
82248	.908
82249	.409
82250	.908
82251	.632
82252	.632
82253	.625
82254	.309
82255	.708
82256	.309
82257	.708
82258	.309
82259	.708
82260	.708
82261	.298
82263	.298
82265	.902
82266	.466
82267	1.436
82268	.708
82269	.298
82270	1.224
82271	1.224
82272	.298
82273	.902
82274	.93
82275	.708
82290	.202
82291	.828
