serial	cardno49	day49	mon49	year49	weekday	std1	std2	std3
11002	49	27	10	1994	Thu	1	1	2
11003	49	4	10	1994	Tue	1	1	2
11005	49	30	10	1994	Sun	1	1	2
11007	49	7	10	1994	Fri	1	2	2
11008	49	4	10	1994	Tue	2	1	2
11010	49	6	10	1994	Thu	1	2	2
11011	49	16	10	1994	Sun	1	2	2
11012	49	7	10	1994	Fri	1	1	2
11013	49	7	10	1994	Fri	1	2	2
11014	49	1	11	1994	Tue	1	2	2
11017	49	31	10	1994	Mon	1	2	2
11019	49	19	10	1994	Wed	2	2	2
11022	49	20	10	1994	Thu	1	2	2
11023	49	14	10	1994	Fri	1	2	2
11024	49	8	10	1994	Sat	1	2	2
11025	49	18	10	1994	Tue	1	1	2
11026	49	5	10	1994	Wed	1	2	2
11029	49	11	10	1994	Tue	1	1	2
11032	49	6	10	1994	Thu	1	1	2
11033	49	5	10	1994	Wed	1	2	2
11035	49	1	11	1994	Tue	1	1	2
11036	49	8	11	1994	Tue	1	1	2
11039	49	26	10	1994	Wed	1	2	2
11041	49	26	10	1994	Wed	1	2	2
11042	49	4	11	1994	Fri	1	1	2
11045	49	1	11	1994	Tue	1	1	2
11047	49	8	10	1994	Sat	1	2	2
11049	49	20	10	1994	Thu	1	2	2
11050	49	24	10	1994	Mon	1	2	2
11051	49	7	10	1994	Fri	1	1	2
11052	49	16	10	1994	Sun	1	1	2
11055	49	29	11	1904	Tue	1	2	2
11056	49	4	12	1994	Sun	1	1	2
11062	49	26	10	1994	Wed	1	2	2
11063	49	15	11	1994	Tue	1	2	2
11064	49	22	10	1994	Sat	1	2	2
11067	49	25	10	1994	Tue	1	2	2
11069	49	15	11	1994	Tue	1	2	2
11070	49	15	11	1994	Tue	1	2	2
11071	49	22	10	1994	Sat	1	1	2
11075	49	30	10	1994	Sun	2	2	2
11076	49	15	10	1994	Sat	2	1	2
11077	49	15	10	1994	Sat	2	1	2
11078	49	29	11	1994	Tue	1	2	2
11080	49	22	10	1994	Sat	1	2	2
11084	49	22	10	1994	Sat	1	2	2
11085	49	14	11	1994	Mon	1	2	2
11086	49	2	10	1994	Sun	1	2	2
11089	49	2	11	1994	Wed	1	1	2
11091	49	6	10	1994	Thu	1	2	2
11092	49	3	11	1994	Thu	1	1	2
11093	49	15	11	1994	Tue	1	2	2
11096	49	27	10	1994	Thu	1	1	2
11097	49	16	11	1994	Wed	1	1	2
11098	49	7	11	1994	Mon	1	2	2
11099	49	15	10	1994	Sat	1	2	2
11101	49	9	11	1994	Wed	1	2	2
11102	49	28	10	1994	Fri	1	2	2
11103	49	30	11	1994	Wed	1	2	2
11106	49	2	10	1994	Sun	1	2	2
11107	49	8	11	1994	Tue	1	1	2
11109	49	6	11	1994	Sun	1	2	2
11111	49	18	10	1994	Tue	1	2	2
11112	49	14	11	1994	Mon	1	2	2
11115	49	18	10	1994	Tue	1	2	2
11116	49	27	10	1994	Thu	1	1	2
11117	49	19	10	1994	Wed	1	2	2
11119	49	6	10	1994	Thu	1	1	2
11122	49	12	10	1994	Wed	1	2	2
11123	49	15	10	1994	Sat	1	1	2
11124	49	6	10	1994	Thu	1	1	2
11125	49	22	11	1994	Tue	1	2	2
11127	49	19	10	1994	Wed	1	1	2
11129	49	11	10	1994	Tue	1	1	2
11130	49	15	10	1994	Sat	1	2	2
11131	49	18	10	1994	Tue	1	2	2
11132	49	12	11	1994	Sat	1	2	2
11133	49	8	11	1994	Tue	1	1	2
11135	49	21	10	1994	Fri	1	1	2
11137	49	18	10	1994	Tue	1	2	2
11138	49	22	10	1994	Sat	1	2	2
11141	49	25	10	1994	Tue	1	2	2
11148	49	4	11	1994	Fri	1	2	2
11149	49	14	12	1994	Wed	1	2	2
11150	49	18	10	1994	Tue	1	2	2
11151	49	25	10	1994	Tue	2	2	2
11154	49	3	11	1994	Thu	1	1	2
11155	49	27	10	1994	Thu	1	2	2
11156	49	2	11	1994	Wed	1	2	2
11158	49	19	10	1994	Wed	1	1	2
11160	49	5	11	1994	Sat	1	1	2
11161	49	14	11	1994	Mon	1	1	2
11164	49	25	11	1994	Fri	1	2	2
11165	49	26	11	1994	Sat	1	1	2
11166	49	3	11	1994	Thu	1	2	2
11170	49	25	11	1994	Fri	1	1	2
11172	49	6	12	1994	Tue	1	2	1
11173	49	4	12	1994	Sun	1	2	1
11176	49	12	12	1994	Mon	1	1	2
11178	49	23	11	1994	Wed	1	1	2
11179	49	31	10	1994	Mon	1	2	1
11180	49	16	10	1994	Sun	1	1	2
11183	49	24	11	1994	Thu	1	1	2
11185	49	2	11	1994	Wed	1	1	2
11186	49	13	10	1994	Thu	1	1	2
11187	49	21	11	1994	Mon	1	1	2
11188	49	1	11	1994	Tue	1	1	2
11189	49	26	10	1994	Wed	1	2	2
11190	49	12	10	1994	Wed	1	1	2
11201	49	27	10	1994	Thu	1	1	2
11202	49	20	10	1994	Thu	1	1	2
11204	49	8	10	1994	Sat	1	1	2
11205	49	2	10	1994	Sun	1	1	2
11207	49	6	10	1994	Thu	1	1	2
11209	49	6	10	1994	Thu	1	1	2
11210	49	11	10	1994	Tue	1	2	2
11211	49	18	10	1994	Tue	2	1	1
11213	49	12	10	1994	Wed	1	2	2
11214	49	20	10	1994	Thu	1	1	2
11216	49	6	10	1994	Thu	1	1	2
11217	49	18	10	1994	Tue	1	1	2
11218	49	7	10	1994	Fri	1	1	1
11219	49	6	10	1994	Thu	1	1	1
11220	49	15	11	1994	Tue	1	1	2
11221	49	22	10	1994	Sat	1	2	2
11227	49	21	10	1994	Fri	1	2	2
11228	49	4	11	1994	Fri	1	2	2
11229	49	1	11	1994	Tue	2	2	2
11231	49	4	11	1994	Fri	1	2	2
11232	49	11	10	1994	Tue	2	2	2
11233	49	14	10	1994	Fri	1	2	2
11236	49	11	10	1994	Tue	1	1	2
11237	49	18	10	1994	Tue	1	2	2
11238	49	9	10	1994	Sun	1	1	2
11239	49	5	10	1994	Wed	2	2	2
11240	49	27	10	1994	Thu	1	2	2
11242	49	25	10	1994	Tue	1	1	2
11243	49	26	10	1994	Wed	1	2	2
11244	49	27	10	1994	Thu	1	2	2
11247	49	3	11	1994	Thu	1	2	2
11248	49	19	10	1994	Wed	1	1	2
11250	49	13	10	1994	Thu	1	1	2
11252	49	25	10	1994	Tue	1	2	2
11255	49	23	10	1994	Sun	1	2	2
11256	49	25	10	1994	Tue	1	1	2
11258	49	18	10	1994	Tue	1	1	2
11264	49	12	10	1994	Wed	1	2	2
11266	49	19	10	1994	Wed	1	1	2
11268	49	19	10	1994	Wed	2	2	2
11269	49	1	11	1994	Tue	1	1	2
11270	49	16	10	1994	Sun	1	2	2
11271	49	1	11	1994	Tue	1	1	2
11273	49	10	11	1994	Thu	1	2	2
11274	49	26	10	1994	Wed	1	2	2
11277	49	1	11	1994	Tue	1	2	2
11282	49	25	10	1994	Tue	1	1	2
11283	49	1	11	1994	Tue	1	2	1
11284	49	28	10	1994	Fri	1	2	1
11289	49	25	10	1994	Tue	2	2	2
11290	49	11	10	1994	Tue	1	1	2
11291	49	10	11	1994	Thu	1	1	2
11292	49	11	10	1994	Tue	1	1	2
11293	49	13	11	1994	Sun	1	1	2
11296	49	10	11	1994	Thu	1	1	2
11297	49	26	10	1994	Wed	1	2	2
11298	49	30	10	1994	Sun	1	2	2
11300	49	7	11	1994	Mon	1	1	2
11304	49	26	10	1994	Wed	1	2	2
11306	49	5	10	1994	Wed	1	2	2
11307	49	5	10	1994	Wed	1	2	2
11308	49	4	11	1994	Fri	1	1	2
11309	49	29	10	1994	Sat	1	2	2
11312	49	11	10	1994	Tue	1	1	2
11313	49	12	10	1994	Wed	1	1	2
11314	49	22	11	1994	Tue	1	1	2
11315	49	7	10	1994	Fri	1	1	2
11317	49	6	10	1994	Thu	1	1	2
11319	49	1	11	1994	Tue	2	1	2
11320	49	6	10	1994	Thu	1	1	2
11322	49	29	10	1994	Sat	1	1	2
11323	49	1	11	1994	Tue	1	2	2
11324	49	23	10	1994	Sun	1	1	2
11325	49	1	11	1994	Tue	1	1	2
11329	49	4	11	1994	Fri	1	2	2
11331	49	12	11	1994	Sat	1	1	2
11335	49	24	11	1994	Thu	1	2	2
11336	49	5	11	1994	Sat	1	1	2
11339	49	3	11	1994	Thu	1	1	2
11340	49	29	10	1994	Sat	1	1	2
11344	49	20	10	1994	Thu	1	2	2
11345	49	18	10	1994	Tue	1	2	2
11346	49	12	10	1994	Wed	1	1	2
11347	49	2	11	1994	Wed	2	1	2
11349	49	19	10	1994	Wed	1	1	2
11350	49	31	10	1994	Mon	1	1	1
11351	49	18	10	1994	Tue	1	1	2
11354	49	25	10	1994	Tue	1	2	2
11356	49	26	10	1994	Wed	1	2	2
11359	49	19	10	1994	Wed	1	1	2
11360	49	18	10	1994	Tue	1	2	2
11361	49	10	11	1994	Thu	1	2	2
11362	49	15	10	1994	Sat	1	1	2
11363	49	12	11	1994	Sat	1	1	2
11364	49	18	10	1994	Tue	1	2	2
11365	49	8	10	1994	Sat	1	1	2
11366	49	21	10	1994	Fri	1	2	2
11370	49	6	10	1994	Thu	1	2	2
11372	49	11	10	1994	Tue	2	1	2
11373	49	24	10	1994	Mon	1	1	2
11374	49	13	10	1994	Thu	2	1	2
11381	49	27	10	1994	Thu	2	2	2
11382	49	15	10	1994	Sat	1	2	2
11383	49	29	10	1994	Sat	1	1	2
11386	49	20	10	1994	Thu	2	2	2
11388	49	16	10	1994	Sun	1	2	2
11389	49	14	11	1994	Mon	1	1	2
11391	49	4	10	1994	Tue	1	1	2
11392	49	4	10	1994	Tue	1	2	2
11393	49	9	10	1994	Sun	1	2	2
11394	49	10	10	1994	Mon	1	1	2
11395	49	4	10	1994	Tue	1	2	2
11397	49	4	10	1994	Tue	1	2	2
11399	49	2	11	1994	Wed	1	1	2
11400	49	9	10	1994	Sun	2	1	2
11401	49	26	10	1994	Wed	1	1	2
11402	49	18	10	1994	Tue	1	1	2
11406	49	24	10	1994	Mon	1	1	1
11407	49	29	10	1994	Sat	1	2	2
11408	49	14	10	1994	Fri	1	1	2
11411	49	20	10	1994	Thu	1	1	2
11412	49	3	11	1994	Thu	1	2	2
11413	49	30	10	1994	Sun	1	2	2
11414	49	14	10	1994	Fri	1	2	2
11415	49	29	10	1994	Sat	1	1	2
11416	49	19	10	1994	Wed	1	1	2
11417	49	15	10	1994	Sat	1	2	2
11418	49	19	10	1994	Wed	1	1	2
11419	49	7	10	1994	Fri	1	2	2
11420	49	7	10	1994	Fri	1	1	2
11421	49	22	10	1994	Sat	1	2	2
11422	49	17	11	1994	Thu	1	1	1
11424	49	9	11	1994	Wed	1	2	2
11426	49	19	10	1994	Wed	1	2	2
11428	49	31	10	1994	Mon	1	1	2
11429	49	15	10	1994	Sat	1	1	1
11430	49	11	10	1994	Tue	1	1	2
11431	49	8	10	1994	Sat	1	1	2
11434	49	17	10	1994	Mon	1	1	2
11435	49	19	10	1994	Wed	1	1	2
11436	49	11	11	1994	Fri	1	2	2
11437	49	6	10	1994	Thu	1	1	2
11438	49	13	10	1994	Thu	1	2	2
11440	49	11	11	1994	Fri	1	1	2
11441	49	15	11	1994	Tue	1	1	2
11442	49	11	11	1994	Fri	2	2	1
11443	49	5	11	1994	Sat	1	1	2
11445	49	29	10	1994	Sat	1	1	2
11446	49	9	11	1994	Wed	1	1	1
11449	49	4	10	1994	Tue	1	2	2
11451	49	18	10	1994	Tue	1	1	2
11452	49	24	11	1994	Thu	1	1	1
11454	49	5	10	1994	Wed	1	1	2
11457	49	21	10	1994	Fri	1	2	2
11458	49	20	10	1994	Thu	1	1	2
11459	49	19	11	1994	Sat	1	1	2
11461	49	23	11	1994	Wed	1	1	2
11462	49	13	11	1994	Sun	1	1	2
11463	49	17	11	1994	Thu	1	1	2
11465	49	13	11	1994	Sun	1	2	2
11466	49	17	11	1994	Thu	2	2	1
11467	49	21	11	1994	Mon	1	2	1
11468	49	11	11	1994	Fri	1	1	2
11472	49	1	11	1994	Tue	1	1	2
11473	49	27	10	1994	Thu	1	1	2
11475	49	29	10	1994	Sat	1	2	1
11476	49	3	11	1994	Thu	1	1	2
11480	49	27	10	1994	Thu	2	1	1
11482	49	20	11	1994	Sun	1	1	2
11484	49	16	11	1994	Wed	1	2	2
11485	49	16	11	1994	Wed	1	2	2
11487	49	6	11	1994	Sun	1	1	2
11488	49	3	11	1994	Thu	1	1	2
11489	49	7	11	1994	Mon	1	2	2
11490	49	31	10	1994	Mon	1	1	2
11494	49	14	10	1994	Fri	1	2	2
11498	49	15	11	1994	Tue	1	1	2
11500	49	13	10	1994	Thu	1	1	2
11501	49	9	11	1994	Wed	1	1	2
11502	49	10	11	1994	Thu	1	1	2
11503	49	18	11	1994	Fri	1	1	2
11506	49	25	10	1994	Tue	1	2	2
11507	49	9	11	1994	Wed	1	2	2
11510	49	14	10	1994	Fri	2	1	2
11511	49	5	11	1994	Sat	1	1	2
11512	49	8	11	1994	Tue	1	1	2
11514	49	3	11	1994	Thu	1	1	2
11515	49	18	10	1994	Tue	1	1	2
11516	49	18	11	1994	Fri	1	2	2
11517	49	2	11	1994	Wed	1	1	2
11519	49	26	10	1994	Wed	1	1	2
11520	49	12	11	1994	Sat	1	2	2
11521	49	14	10	1994	Fri	1	2	2
11523	49	6	11	1994	Sun	1	2	2
11524	49	13	10	1994	Thu	1	1	2
11525	49	1	11	1994	Tue	1	1	2
11527	49	14	10	1994	Fri	1	1	2
11528	49	13	10	1994	Thu	2	2	2
11529	49	13	10	1994	Thu	1	2	2
11530	49	1	11	1994	Tue	1	1	2
11532	49	6	11	1994	Sun	1	1	2
11533	49	14	10	1994	Fri	1	2	2
11534	49	19	11	1994	Sat	1	2	2
11535	49	1	11	1994	Tue	1	1	2
11536	49	13	10	1994	Thu	1	1	1
11537	49	13	10	1994	Thu	1	2	2
11538	49	13	10	1994	Thu	1	2	2
11540	49	15	11	1994	Tue	1	2	1
11541	49	10	11	1994	Thu	1	2	2
11543	49	15	11	1994	Tue	1	1	2
11544	49	12	11	1994	Sat	1	2	2
12011	49	1	11	1994	Tue	1	1	2
12012	49	1	11	1994	Tue	1	1	2
12013	49	1	11	1994	Tue	1	2	2
12021	49	29	10	1994	Sat	1	1	2
12022	49	29	10	1994	Sat	1	2	2
12031	49	8	11	1994	Tue	1	2	2
12032	49	1	11	1994	Tue	1	2	2
12033	49	1	11	1994	Tue	1	2	2
12041	49	25	11	1994	Fri	1	2	2
12042	49	25	11	1994	Fri	1	2	2
12043	49	25	11	1994	Fri	1	2	2
12061	49	5	11	1994	Sat	1	2	2
12062	49	5	11	1994	Sat	1	2	2
12063	49	5	11	1994	Sat	1	2	2
12071	49	18	11	1994	Fri	1	2	2
12073	49	18	11	1994	Fri	1	1	1
12091	49	23	11	1994	Wed	1	2	2
12092	49	23	11	1994	Wed	1	2	2
12093	49	25	11	1994	Fri	1	2	2
12101	49	18	10	1994	Tue	1	1	2
12102	49	18	10	1994	Tue	1	1	2
12111	49	9	11	1994	Wed	1	1	1
12112	49	9	11	1994	Wed	1	1	2
12113	49	9	11	1994	Wed	1	1	1
12161	49	22	11	1994	Tue	1	1	2
12162	49	22	11	1994	Tue	1	1	2
12163	49	22	11	1994	Tue	1	2	2
12171	49	17	11	1994	Thu	1	2	2
12172	49	17	11	1994	Thu	1	1	2
12173	49	17	11	1994	Thu	1	2	2
12181	49	6	12	1994	Tue	1	2	2
12182	49	6	12	1994	Tue	1	2	2
12183	49	6	12	1994	Tue	1	1	2
12191	49	3	12	1994	Sat	1	2	2
12192	49	3	12	1994	Sat	1	2	2
12193	49	3	12	1994	Sat	1	2	2
12201	49	17	11	1994	Thu	1	1	2
12202	49	18	11	1994	Fri	1	2	2
12203	49	26	11	1994	Sat	1	1	2
12231	49	18	10	1994	Tue	1	1	1
12232	49	18	10	1994	Tue	1	1	2
12233	49	18	10	1994	Tue	1	1	1
12241	49	3	11	1994	Thu	1	1	2
12242	49	3	11	1994	Thu	1	1	2
12243	49	3	11	1994	Thu	1	1	2
12261	49	14	11	1994	Mon	1	1	2
12262	49	14	11	1994	Mon	1	2	2
12271	49	19	10	1994	Wed	2	1	2
12272	49	19	10	1994	Wed	1	1	2
12273	49	19	10	1994	Wed	1	2	2
12311	49	2	11	1994	Wed	1	2	2
12312	49	2	11	1994	Wed	1	1	2
12341	49	16	10	1994	Sun	2	1	2
12342	49	14	10	1994	Fri	1	1	2
12343	49	14	10	1994	Fri	1	1	1
12361	49	22	10	1994	Sat	1	1	1
12362	49	20	10	1994	Thu	1	2	2
12363	49	20	10	1994	Thu	1	1	2
12381	49	1	11	1994	Tue	1	2	2
12382	49	1	11	1994	Tue	1	2	2
12383	49	1	11	1994	Tue	1	2	2
12391	49	23	11	1994	Wed	1	2	2
12392	49	23	11	1994	Wed	1	2	2
12393	49	25	11	1994	Fri	1	2	2
12401	49	1	11	1994	Tue	1	2	2
12402	49	29	10	1994	Sat	1	1	2
12403	49	29	10	1994	Sat	1	2	2
12451	49	13	12	1994	Tue	1	1	2
12452	49	13	12	1994	Tue	1	1	2
12461	49	11	11	1994	Fri	1	2	2
12462	49	11	11	1994	Fri	1	2	2
12463	49	11	11	1994	Fri	1	1	2
12731	49	17	11	1994	Thu	1	2	2
12733	49	17	11	1994	Thu	1	1	2
12781	49	6	12	1994	Tue	1	1	2
12782	49	6	12	1994	Tue	1	2	1
12783	49	8	12	1994	Thu	1	2	2
21001	49	14	2	1995	Tue	1	2	2
21003	49	14	2	1995	Tue	2	1	2
21006	49	14	1	1995	Sat	1	1	2
21007	49	19	1	1995	Thu	1	2	2
21008	49	14	2	1995	Tue	1	1	2
21011	49	20	2	1995	Mon	1	2	2
21012	49	22	2	1995	Wed	1	1	2
21013	49	21	1	1995	Sat	1	2	2
21015	49	31	1	1995	Tue	1	1	2
21016	49	21	2	1995	Tue	1	1	2
21018	49	1	2	1995	Wed	1	1	2
21019	49	31	1	1995	Tue	1	2	2
21020	49	19	1	1995	Thu	1	2	2
21021	49	24	2	1995	Fri	1	2	2
21022	49	31	1	1995	Tue	1	2	2
21023	49	13	2	1995	Mon	1	1	2
21024	49	23	1	1995	Mon	2	1	2
21025	49	18	1	1995	Wed	1	2	2
21027	49	23	1	1995	Mon	1	1	2
21028	49	16	2	1995	Thu	1	2	2
21029	49	16	2	1995	Thu	1	2	2
21033	49	5	1	1995	Thu	1	2	1
21035	49	4	2	1995	Sat	1	1	2
21036	49	4	1	1995	Wed	1	2	2
21037	49	5	1	1995	Thu	1	2	2
21040	49	10	1	1995	Tue	1	1	2
21043	49	15	1	1995	Sun	1	2	2
21044	49	23	1	1995	Mon	1	1	2
21045	49	10	1	1995	Tue	1	2	2
21047	49	5	1	1995	Thu	1	2	2
21048	49	17	1	1995	Tue	1	1	1
21049	49	10	1	1995	Tue	1	1	2
21052	49	25	1	1995	Wed	1	1	2
21056	49	23	1	1995	Mon	1	1	2
21057	49	31	1	1995	Tue	1	2	2
21059	49	14	3	1995	Tue	2	2	2
21061	49	8	2	1995	Wed	1	1	2
21065	49	18	2	1995	Sat	1	2	2
21066	49	21	2	1995	Tue	1	2	2
21067	49	19	2	1995	Sun	1	2	2
21068	49	21	2	1995	Tue	1	1	2
21069	49	22	2	1995	Wed	1	2	2
21071	49	24	2	1995	Fri	1	2	2
21072	49	1	3	1995	Wed	1	1	2
21073	49	6	1	1995	Fri	1	1	2
21078	49	18	1	1995	Wed	1	2	2
21079	49	13	1	1995	Fri	1	1	2
21081	49	16	1	1995	Mon	1	2	2
21083	49	23	1	1995	Mon	1	1	1
21084	49	24	1	1995	Tue	1	2	1
21085	49	1	3	1995	Wed	1	2	2
21086	49	15	1	1995	Sun	1	2	2
21088	49	8	2	1995	Wed	1	2	2
21092	49	21	1	1995	Sat	1	1	2
21093	49	1	2	1995	Wed	1	1	2
21095	49	23	1	1995	Mon	1	1	2
21098	49	4	1	1995	Wed	1	1	2
21099	49	11	2	1995	Sat	1	2	2
21100	49	25	1	1995	Wed	1	2	2
21101	49	17	1	1995	Tue	1	2	1
21103	49	5	1	1995	Thu	1	1	2
21104	49	3	3	1995	Fri	1	1	2
21105	49	25	1	1995	Wed	1	2	2
21106	49	25	1	1995	Wed	1	1	2
21108	49	14	2	1995	Tue	1	2	2
21109	49	19	1	1995	Thu	1	1	2
21110	49	11	2	1995	Sat	1	2	2
21113	49	14	2	1995	Tue	1	2	2
21114	49	24	1	1995	Tue	1	1	2
21115	49	17	1	1995	Tue	1	2	2
21116	49	21	1	1995	Sat	1	2	2
21118	49	16	2	1995	Thu	2	1	2
21119	49	11	2	1995	Sat	1	2	2
21121	49	11	1	1995	Wed	1	1	2
21122	49	16	2	1995	Thu	1	2	2
21123	49	17	1	1995	Tue	1	2	2
21124	49	25	1	1995	Wed	1	1	2
21125	49	20	1	1995	Fri	1	1	2
21126	49	6	1	1995	Fri	1	1	1
21127	49	5	1	1995	Thu	1	2	2
21131	49	25	1	1995	Wed	1	1	2
21132	49	31	1	1995	Tue	1	1	2
21133	49	2	2	1995	Thu	1	1	2
21134	49	24	1	1995	Tue	1	2	2
21135	49	24	1	1995	Tue	2	1	2
21138	49	8	2	1995	Wed	1	1	2
21139	49	7	2	1995	Tue	1	1	2
21140	49	7	2	1995	Tue	1	1	2
21141	49	27	1	1995	Fri	1	2	1
21144	49	21	1	1995	Sat	1	2	2
21145	49	27	1	1995	Fri	1	1	2
21146	49	16	2	1995	Thu	1	1	2
21147	49	18	1	1995	Wed	1	1	2
21148	49	20	1	1995	Fri	1	1	2
21149	49	24	1	1995	Tue	1	1	2
21151	49	2	2	1995	Thu	1	2	2
21152	49	7	1	1995	Sat	2	1	2
21155	49	14	1	1995	Sat	1	1	2
21156	49	5	1	1995	Thu	1	1	2
21158	49	5	1	1995	Thu	2	1	2
21159	49	11	1	1995	Wed	1	1	2
21160	49	6	1	1995	Fri	1	2	2
21166	49	18	1	1995	Wed	1	1	2
21167	49	4	1	1995	Wed	1	1	2
21168	49	30	1	1995	Mon	1	1	2
21169	49	9	2	1995	Thu	1	1	2
21170	49	3	2	1995	Fri	1	2	2
21171	49	1	2	1995	Wed	1	2	2
21172	49	18	2	1995	Sat	1	1	2
21173	49	6	2	1995	Mon	1	1	2
21174	49	1	2	1995	Wed	2	2	2
21175	49	21	1	1995	Sat	1	1	2
21176	49	9	2	1995	Thu	1	1	2
21177	49	15	1	1995	Sun	1	2	2
21178	49	10	2	1995	Fri	1	2	2
21179	49	5	2	1995	Sun	1	2	2
21180	49	7	2	1995	Tue	1	2	2
21182	49	5	1	1995	Thu	1	1	2
21184	49	25	2	1995	Sat	1	1	2
21186	49	4	1	1995	Wed	1	1	2
21187	49	11	1	1995	Wed	1	1	2
21188	49	20	1	1995	Fri	1	2	2
21189	49	11	1	1995	Wed	1	1	2
21192	49	12	1	1995	Thu	2	2	2
21193	49	29	1	1995	Sun	1	1	2
21194	49	15	1	1995	Sun	1	1	2
21195	49	17	1	1995	Tue	1	1	1
21196	49	11	1	1995	Wed	1	1	2
21197	49	10	1	1995	Tue	1	2	2
21198	49	4	1	1995	Wed	1	1	2
21199	49	11	1	1995	Wed	1	2	2
21200	49	4	1	1995	Wed	1	1	2
21204	49	9	1	1995	Mon	1	2	1
21209	49	21	2	1995	Tue	1	1	2
21213	49	17	1	1995	Tue	1	1	2
21214	49	18	1	1995	Wed	1	2	2
21218	49	15	2	1995	Wed	1	1	2
21220	49	8	2	1995	Wed	1	1	2
21221	49	25	1	1995	Wed	1	1	2
21222	49	26	1	1995	Thu	1	1	2
21223	49	11	1	1995	Wed	1	1	2
21226	49	24	1	1995	Tue	1	1	2
21228	49	7	2	1995	Tue	1	1	1
21229	49	6	2	1995	Mon	1	1	2
21230	49	13	1	1995	Fri	1	1	2
21232	49	13	1	1995	Fri	1	1	1
21233	49	4	1	1995	Wed	1	2	2
21235	49	9	1	1995	Mon	1	1	1
21237	49	10	1	1995	Tue	1	2	2
21238	49	17	1	1995	Tue	1	1	2
21239	49	2	2	1995	Thu	1	2	2
21243	49	6	3	1995	Mon	1	1	2
21246	49	12	1	1995	Thu	2	1	2
21247	49	17	1	1995	Tue	1	1	2
21248	49	11	1	1995	Wed	2	1	2
21249	49	11	1	1995	Wed	1	1	1
21250	49	5	1	1995	Thu	1	2	2
21255	49	17	2	1995	Fri	1	1	2
21259	49	8	2	1995	Wed	1	2	2
21261	49	24	1	1995	Tue	1	1	2
21264	49	28	1	1995	Sat	1	1	2
21265	49	25	1	1995	Wed	1	2	2
21271	49	5	1	1995	Thu	1	1	2
21276	49	6	1	1995	Fri	1	1	2
21277	49	31	1	1995	Tue	1	1	2
21278	49	24	1	1995	Tue	1	1	2
21279	49	11	1	1995	Wed	1	1	2
21281	49	6	1	1995	Fri	1	1	2
21283	49	27	1	1995	Fri	1	1	2
21284	49	25	1	1995	Wed	1	2	1
21286	49	17	1	1995	Tue	1	2	2
21287	49	14	1	1995	Sat	1	1	2
21291	49	17	1	1995	Tue	1	2	2
21293	49	17	1	1995	Tue	1	2	2
21295	49	17	1	1995	Tue	1	2	2
21296	49	27	1	1995	Fri	1	1	2
21297	49	3	2	1995	Fri	1	2	2
21298	49	17	1	1995	Tue	1	2	2
21300	49	24	1	1995	Tue	1	1	2
21304	49	9	2	1995	Thu	1	2	2
21306	49	27	1	1995	Fri	1	1	2
21308	49	15	2	1995	Wed	1	1	2
21311	49	27	1	1995	Fri	1	1	2
21312	49	18	1	1995	Wed	1	2	1
21316	49	21	1	1995	Sat	1	2	1
21319	49	25	1	1995	Wed	1	1	2
21321	49	4	1	1995	Wed	1	1	2
21322	49	14	1	1995	Sat	1	1	1
21325	49	10	2	1995	Fri	1	2	2
21326	49	15	1	1995	Sun	1	1	2
21328	49	28	3	1995	Tue	1	2	2
21331	49	10	1	1995	Tue	1	2	2
21333	49	5	1	1995	Thu	1	2	2
21335	49	7	10	1995	Sat	1	2	2
21339	49	11	1	1995	Wed	1	1	2
21340	49	18	1	1995	Wed	1	1	1
21341	49	7	2	1995	Tue	1	1	2
21343	49	7	2	1995	Tue	2	1	2
21345	49	18	1	1995	Wed	1	1	2
21347	49	20	1	1995	Fri	1	2	2
21348	49	17	1	1995	Tue	1	1	2
21349	49	17	2	1995	Fri	1	2	1
21351	49	14	1	1995	Sat	1	1	2
21352	49	19	1	1995	Thu	1	2	1
21353	49	24	1	1995	Tue	1	1	2
21355	49	8	2	1995	Wed	1	1	2
21356	49	11	1	1995	Wed	1	2	2
21357	49	20	1	1995	Fri	1	1	2
21358	49	2	2	1995	Thu	1	1	2
21359	49	19	1	1995	Thu	1	2	2
21360	49	10	1	1995	Tue	1	1	2
21361	49	8	1	1995	Sun	1	2	2
21362	49	8	1	1995	Sun	1	2	2
21365	49	21	1	1995	Sat	1	1	2
21366	49	8	2	1995	Wed	1	1	1
21369	49	17	1	1995	Tue	1	2	2
21370	49	13	1	1995	Fri	1	2	2
21377	49	8	1	1995	Sun	1	2	2
21378	49	12	1	1995	Thu	1	2	1
21379	49	3	2	1995	Fri	1	1	2
21380	49	12	1	1995	Thu	1	2	2
21382	49	12	1	1995	Thu	1	1	2
21385	49	24	1	1995	Tue	1	1	1
21386	49	12	1	1995	Thu	1	2	2
21387	49	15	1	1995	Sun	1	1	2
21388	49	12	1	1995	Thu	1	1	2
21390	49	26	1	1995	Thu	1	1	2
21392	49	21	2	1995	Tue	1	1	2
21393	49	11	2	1995	Sat	1	1	1
21394	49	8	2	1995	Wed	1	1	1
21395	49	20	2	1995	Mon	1	2	2
21396	49	17	1	1995	Tue	1	1	1
21399	49	13	1	1995	Fri	1	1	2
21401	49	18	2	1995	Sat	1	1	2
21402	49	26	1	1995	Thu	1	1	2
21405	49	17	1	1995	Tue	1	1	2
21406	49	29	1	1995	Sun	1	1	2
21407	49	17	1	1995	Tue	1	1	2
21410	49	31	1	1995	Tue	1	2	2
21411	49	31	1	1995	Tue	1	1	2
21412	49	27	1	1995	Fri	1	1	1
21413	49	12	1	1995	Thu	1	1	2
21416	49	24	1	1995	Tue	1	1	2
21417	49	13	1	1995	Fri	1	1	2
21419	49	21	2	1995	Tue	1	2	1
21420	49	14	1	1995	Sat	1	1	2
21421	49	18	1	1995	Wed	1	1	2
21422	49	24	1	1995	Tue	1	2	2
21423	49	16	2	1995	Thu	1	2	2
21424	49	14	2	1995	Tue	1	2	2
21426	49	21	1	1995	Sat	1	1	2
21427	49	14	1	1995	Sat	1	2	2
21428	49	10	1	1995	Tue	1	1	2
21431	49	10	1	1995	Tue	1	1	2
21434	49	7	1	1995	Sat	1	1	2
21436	49	5	1	1995	Thu	1	2	2
21437	49	20	1	1995	Fri	1	1	2
21441	49	3	2	1995	Fri	1	1	2
21442	49	29	1	1995	Sun	1	1	2
21444	49	27	1	1995	Fri	1	2	2
21445	49	13	2	1995	Mon	1	1	2
21446	49	6	2	1995	Mon	1	1	2
21448	49	28	1	1995	Sat	1	2	2
21450	49	27	1	1995	Fri	1	1	2
21451	49	1	2	1995	Wed	1	1	2
21455	49	4	2	1995	Sat	1	2	2
21457	49	2	2	1995	Thu	1	2	2
21459	49	19	1	1995	Thu	1	1	2
21462	49	15	2	1995	Wed	1	1	2
21464	49	2	2	1995	Thu	1	2	2
21465	49	28	1	1995	Sat	1	2	2
21466	49	19	1	1995	Thu	1	1	2
21468	49	21	1	1995	Sat	1	1	2
21470	49	19	1	1995	Thu	1	1	2
21473	49	26	1	1995	Thu	1	1	2
21474	49	10	2	1995	Fri	1	1	2
21475	49	26	1	1995	Thu	1	1	2
21479	49	4	2	1995	Sat	1	1	2
21480	49	4	2	1995	Sat	1	1	2
21481	49	17	1	1995	Tue	1	1	2
21482	49	21	1	1995	Sat	1	1	2
21483	49	19	1	1995	Thu	1	2	2
21484	49	7	2	1995	Tue	1	1	2
21485	49	14	1	1995	Sat	1	2	2
21487	49	14	2	1995	Tue	1	2	2
21488	49	17	1	1995	Tue	1	1	1
21494	49	12	1	1995	Thu	1	2	2
21496	49	21	1	1995	Sat	1	1	2
21500	49	12	1	1995	Thu	1	1	2
21502	49	18	1	1995	Wed	1	2	1
21507	49	17	1	1995	Tue	1	1	2
21508	49	30	1	1995	Mon	1	1	2
21509	49	18	1	1995	Wed	1	2	2
21510	49	18	1	1995	Wed	1	1	2
21511	49	21	1	1995	Sat	1	1	2
21512	49	16	1	1995	Mon	1	2	1
21513	49	14	2	1995	Tue	1	2	2
21515	49	12	1	1995	Thu	1	2	2
21516	49	6	1	1995	Fri	1	1	2
21519	49	5	2	1995	Sun	1	2	2
21521	49	5	2	1995	Sun	1	2	2
21523	49	2	2	1995	Thu	1	1	2
21524	49	13	2	1995	Mon	1	2	2
21525	49	27	2	1995	Mon	1	1	2
21527	49	10	1	1995	Tue	1	1	2
21528	49	23	1	1995	Mon	1	2	2
21531	49	11	2	1995	Sat	1	2	2
21533	49	4	3	1995	Sat	1	2	2
21534	49	11	1	1995	Wed	1	2	2
21535	49	3	2	1995	Fri	1	2	2
21536	49	10	1	1995	Tue	1	1	2
21537	49	25	1	1995	Wed	1	2	1
21538	49	24	1	1995	Tue	1	2	2
21539	49	20	1	1995	Fri	1	2	2
21541	49	5	2	1995	Sun	1	2	2
22021	49	21	1	1995	Sat	1	2	2
22022	49	19	1	1995	Thu	1	2	2
22023	49	19	1	1995	Thu	1	2	2
22031	49	2	2	1995	Thu	1	2	2
22032	49	2	2	1995	Thu	1	1	2
22033	49	2	2	1995	Thu	1	2	2
22041	49	13	2	1995	Mon	1	2	2
22042	49	13	2	1995	Mon	1	2	2
22043	49	13	2	1995	Mon	1	2	2
22051	49	26	1	1995	Thu	1	2	2
22052	49	26	1	1995	Thu	1	2	2
22053	49	26	1	1995	Thu	2	2	1
22063	49	31	1	1995	Tue	1	2	2
22071	49	16	2	1995	Thu	1	2	2
22072	49	16	2	1995	Thu	1	2	2
22073	49	16	2	1995	Thu	1	1	2
22081	49	4	2	1995	Sat	1	2	2
22082	49	4	2	1995	Sat	1	2	2
22121	49	28	1	1995	Sat	1	2	2
22122	49	28	1	1995	Sat	1	2	2
22123	49	28	1	1995	Sat	2	2	2
22131	49	30	1	1995	Mon	1	2	2
22132	49	30	1	1995	Mon	1	2	2
22133	49	30	1	1995	Mon	1	2	2
22141	49	14	1	1995	Sat	1	2	2
22142	49	14	1	1995	Sat	1	2	2
22143	49	14	1	1995	Sat	1	2	2
22151	49	3	2	1995	Fri	1	2	2
22152	49	26	1	1995	Thu	1	2	2
22153	49	30	1	1995	Mon	1	2	2
22161	49	10	1	1995	Tue	1	2	2
22162	49	13	1	1995	Fri	1	1	2
22163	49	12	1	1995	Thu	1	2	2
22171	49	10	2	1995	Fri	1	1	2
22181	49	14	1	1995	Sat	1	2	2
22182	49	16	1	1995	Mon	1	2	2
22191	49	17	2	1995	Fri	1	2	2
22193	49	17	2	1995	Fri	1	2	2
22211	49	2	2	1995	Thu	1	1	2
22212	49	2	2	1995	Thu	1	1	2
22213	49	2	2	1995	Thu	1	1	2
22221	49	7	2	1995	Tue	1	1	2
22222	49	7	2	1995	Tue	1	1	2
22223	49	7	2	1995	Tue	1	1	2
22241	49	24	1	1995	Tue	1	1	2
22242	49	24	1	1995	Tue	1	1	2
22243	49	24	1	1995	Tue	1	2	2
22271	49	30	1	1995	Mon	1	2	2
22272	49	30	1	1995	Mon	1	2	2
22273	49	30	1	1995	Mon	1	2	2
22291	49	7	2	1995	Tue	1	2	1
22293	49	7	2	1995	Tue	1	2	1
22311	49	13	1	1995	Fri	1	2	2
22312	49	13	1	1995	Fri	1	2	2
22313	49	13	1	1995	Fri	1	1	2
22361	49	12	1	1995	Thu	1	1	2
22362	49	12	1	1995	Thu	1	1	2
22363	49	12	1	1995	Thu	1	1	2
22393	49	14	2	1995	Tue	1	2	2
22411	49	6	2	1995	Mon	1	1	2
22412	49	6	2	1995	Mon	1	1	2
22413	49	6	2	1995	Mon	1	1	2
22431	49	4	3	1995	Sat	1	2	2
22432	49	4	3	1995	Sat	1	2	2
22433	49	4	3	1995	Sat	1	1	2
22451	49	20	2	1995	Mon	1	2	2
22452	49	20	2	1995	Mon	1	2	2
22453	49	20	2	1995	Mon	1	2	2
22462	49	14	2	1995	Tue	1	1	2
22463	49	14	2	1995	Tue	1	1	2
22531	49	1	2	1995	Wed	1	2	2
22532	49	28	1	1995	Sat	1	2	2
22533	49	28	1	1995	Sat	1	2	2
22551	49	23	1	1995	Mon	1	1	1
22552	49	23	1	1995	Mon	1	2	1
22553	49	23	1	1995	Mon	2	2	1
22562	49	7	2	1995	Tue	1	2	2
22563	49	7	2	1995	Tue	1	2	2
22571	49	30	1	1995	Mon	1	2	2
22572	49	30	1	1995	Mon	1	2	2
22573	49	30	1	1995	Mon	1	2	2
22581	49	7	3	1995	Tue	2	1	2
22582	49	7	3	1995	Tue	1	1	2
22681	49	8	2	1995	Wed	1	2	2
22682	49	10	2	1995	Fri	1	2	1
22683	49	10	2	1995	Fri	1	2	2
22701	49	15	2	1995	Wed	1	1	2
22702	49	19	2	1995	Sun	1	1	1
22703	49	15	2	1995	Wed	1	2	2
22731	49	2	2	1995	Thu	1	1	2
22732	49	2	2	1995	Thu	1	2	2
22733	49	2	2	1995	Thu	1	1	2
22751	49	28	2	1995	Tue	1	1	2
22752	49	28	2	1995	Tue	1	1	2
22753	49	28	2	1995	Tue	1	1	2
22791	49	3	3	1995	Fri	1	1	2
22792	49	3	3	1995	Fri	1	1	1
22793	49	3	3	1995	Fri	1	2	2
22861	49	9	3	1995	Thu	1	1	2
22862	49	9	3	1995	Thu	1	1	2
22863	49	9	3	1995	Thu	1	2	2
31002	49	12	4	1995	Wed	1	2	2
31003	49	31	5	1995	Wed	1	2	1
31005	49	2	5	1995	Tue	1	2	2
31006	49	20	5	1995	Sat	1	1	2
31007	49	17	5	1995	Wed	1	1	2
31008	49	8	4	1995	Sat	1	2	2
31009	49	2	5	1995	Tue	1	2	2
31010	49	2	5	1995	Tue	1	2	2
31011	49	6	4	1995	Thu	1	2	2
31013	49	6	4	1995	Thu	1	2	2
31014	49	13	5	1995	Sat	1	1	1
31015	49	6	4	1995	Thu	1	2	2
31016	49	13	4	1995	Thu	1	1	2
31017	49	13	5	1995	Sat	1	2	2
31018	49	7	4	1995	Fri	1	1	2
31019	49	13	5	1995	Sat	1	1	2
31020	49	2	5	1995	Tue	1	2	2
31021	49	2	4	1995	Sun	1	2	2
31022	49	2	4	1995	Sun	1	2	2
31024	49	13	4	1995	Thu	1	2	2
31025	49	6	4	1995	Thu	1	2	2
31027	49	5	5	1995	Fri	2	2	2
31028	49	5	4	1995	Wed	1	2	2
31030	49	8	4	1995	Sat	1	2	2
31039	49	5	4	1995	Wed	2	1	2
31042	49	25	4	1995	Tue	1	1	2
31043	49	20	5	1995	Sat	1	1	2
31044	49	6	4	1995	Thu	1	1	2
31045	49	3	5	1995	Wed	1	1	1
31047	49	28	4	1995	Fri	1	2	2
31048	49	5	4	1995	Wed	1	2	2
31049	49	23	5	1995	Tue	1	2	2
31050	49	4	4	1995	Tue	1	1	2
31051	49	16	4	1995	Sun	1	2	2
31053	49	6	4	1995	Thu	2	2	2
31055	49	19	4	1995	Wed	1	2	2
31057	49	25	4	1995	Tue	1	1	1
31058	49	18	4	1995	Tue	1	1	1
31059	49	18	4	1995	Tue	1	1	2
31060	49	24	4	1995	Mon	1	2	2
31062	49	11	4	1995	Tue	1	1	1
31065	49	13	4	1995	Thu	1	2	2
31067	49	28	4	1995	Fri	1	2	1
31068	49	26	4	1995	Wed	1	2	2
31070	49	15	5	1995	Mon	1	1	2
31071	49	8	4	1995	Sat	1	1	2
31074	49	6	4	1995	Thu	2	1	1
31075	49	5	5	1995	Fri	1	2	2
31077	49	11	4	1995	Tue	1	1	1
31078	49	10	4	1995	Mon	1	1	2
31080	49	19	5	1995	Fri	1	2	2
31082	49	9	4	1995	Sun	1	1	2
31083	49	10	4	1995	Mon	1	1	2
31086	49	19	5	1995	Fri	1	1	2
31087	49	27	4	1995	Thu	1	1	2
31094	49	16	5	1995	Tue	1	2	2
31095	49	5	4	1995	Wed	1	2	2
31100	49	17	6	1995	Sat	1	2	2
31104	49	20	5	1995	Sat	1	2	2
31105	49	18	5	1995	Thu	1	2	2
31108	49	5	6	1995	Mon	1	1	2
31109	49	19	6	1995	Mon	1	1	2
31111	49	20	5	1995	Sat	1	1	2
31113	49	19	5	1995	Fri	1	1	2
31116	49	19	5	1995	Fri	1	2	2
31118	49	26	6	1995	Mon	1	1	1
31119	49	19	5	1995	Fri	1	1	2
31121	49	23	5	1995	Tue	1	1	2
31123	49	11	5	1995	Thu	1	1	2
31125	49	17	5	1995	Wed	1	1	2
31126	49	12	5	1995	Fri	1	1	2
31128	49	3	6	1995	Sat	1	1	2
31130	49	19	5	1995	Fri	1	2	2
31132	49	6	4	1995	Thu	1	2	2
31133	49	3	6	1995	Sat	1	2	2
31134	49	11	4	1995	Tue	1	2	2
31135	49	5	4	1995	Wed	1	2	2
31136	49	8	4	1995	Sat	2	1	2
31137	49	6	4	1995	Thu	1	2	2
31139	49	28	4	1995	Fri	1	2	2
31140	49	5	4	1995	Wed	1	2	2
31141	49	5	4	1995	Wed	1	2	2
31142	49	23	5	1995	Tue	1	2	2
31143	49	29	4	1995	Sat	1	1	1
31144	49	2	4	1995	Sun	1	2	2
31145	49	3	6	1995	Sat	1	1	2
31146	49	11	4	1995	Tue	1	2	2
31147	49	11	4	1995	Tue	1	2	2
31150	49	5	4	1995	Wed	2	1	2
31151	49	16	4	1995	Sun	1	2	2
31152	49	5	4	1995	Wed	1	2	2
31154	49	4	4	1995	Tue	1	1	2
31155	49	2	4	1995	Sun	1	1	2
31156	49	21	4	1995	Fri	1	2	2
31157	49	5	4	1995	Wed	2	1	2
31160	49	17	4	1995	Mon	1	2	2
31164	49	10	5	1995	Wed	1	2	2
31167	49	25	5	1995	Thu	1	1	2
31168	49	11	5	1995	Thu	1	1	2
31170	49	11	4	1995	Tue	1	2	2
31171	49	5	4	1995	Wed	1	1	2
31172	49	27	4	1995	Thu	1	1	2
31173	49	22	4	1995	Sat	1	1	2
31174	49	27	4	1995	Thu	1	2	2
31175	49	15	4	1995	Sat	1	1	2
31176	49	22	4	1995	Sat	1	2	2
31177	49	6	4	1995	Thu	1	2	2
31179	49	25	5	1995	Thu	1	2	2
31180	49	4	4	1995	Tue	1	1	2
31182	49	21	5	1995	Sun	1	2	2
31183	49	2	4	1995	Sun	1	2	2
31184	49	4	4	1995	Tue	1	1	2
31185	49	2	4	1995	Sun	1	1	2
31189	49	12	4	1995	Wed	1	1	2
31190	49	4	4	1995	Tue	1	2	2
31191	49	8	4	1995	Sat	1	1	2
31192	49	1	6	1995	Thu	1	1	1
31193	49	20	4	1995	Thu	1	2	2
31194	49	19	4	1995	Wed	1	1	2
31196	49	21	4	1995	Fri	1	2	2
31197	49	11	4	1995	Tue	1	2	2
31198	49	12	5	1995	Fri	1	2	2
31202	49	30	4	1995	Sun	1	2	1
31204	49	7	4	1995	Fri	1	2	2
31206	49	25	5	1995	Thu	1	1	2
31209	49	24	4	1995	Mon	2	1	2
31211	49	24	4	1995	Mon	1	2	2
31212	49	16	5	1995	Tue	1	2	2
31213	49	26	4	1995	Wed	1	1	2
31214	49	24	4	1995	Mon	1	2	2
31215	49	2	5	1995	Tue	1	1	2
31219	49	23	5	1995	Tue	1	2	2
31221	49	28	4	1995	Fri	1	2	2
31222	49	12	4	1995	Wed	1	1	2
31225	49	15	4	1995	Sat	1	2	2
31226	49	16	5	1995	Tue	1	1	2
31227	49	5	4	1995	Wed	1	1	2
31229	49	11	5	1995	Thu	1	1	2
31230	49	27	6	1995	Tue	1	1	2
31231	49	21	5	1995	Sun	1	2	2
31233	49	11	5	1995	Thu	1	2	2
31236	49	22	4	1995	Sat	1	1	2
31237	49	12	4	1995	Wed	1	1	2
31239	49	8	4	1995	Sat	1	1	2
31242	49	12	5	1995	Fri	1	2	2
31243	49	27	5	1995	Sat	1	1	2
31244	49	25	4	1995	Tue	1	1	2
31246	49	26	4	1995	Wed	1	1	1
31247	49	11	4	1995	Tue	1	1	2
31248	49	7	4	1995	Fri	2	2	2
31249	49	12	4	1995	Wed	1	1	2
31251	49	5	5	1995	Fri	1	1	2
31252	49	11	7	1995	Tue	1	1	2
31253	49	28	4	1995	Fri	1	1	1
31254	49	7	4	1995	Fri	1	2	2
31258	49	2	5	1995	Tue	1	1	2
31259	49	30	4	1995	Sun	1	2	2
31262	49	12	5	1995	Fri	1	1	2
31263	49	8	4	1995	Sat	1	1	1
31264	49	25	4	1995	Tue	1	1	2
31265	49	27	4	1995	Thu	1	2	2
31268	49	12	4	1995	Wed	1	1	2
31269	49	12	4	1995	Wed	1	2	1
31270	49	20	4	1995	Thu	1	1	2
31271	49	19	4	1995	Wed	1	1	1
31273	49	11	4	1995	Tue	1	1	2
31274	49	27	4	1995	Thu	1	2	2
31275	49	21	4	1995	Fri	1	2	1
31276	49	11	4	1995	Tue	1	1	1
31277	49	19	4	1995	Wed	1	1	1
31278	49	3	5	1995	Wed	1	1	2
31279	49	20	4	1995	Thu	1	1	2
31282	49	10	5	1995	Wed	1	1	1
31284	49	25	4	1994	Mon	1	2	2
31285	49	4	5	1995	Thu	1	2	2
31286	49	20	4	1995	Thu	1	1	2
31287	49	23	5	1995	Tue	1	1	1
31288	49	11	4	1995	Tue	1	2	2
31289	49	19	5	1995	Fri	1	2	1
31292	49	21	4	1995	Fri	1	2	2
31294	49	26	4	1995	Wed	2	1	2
31295	49	5	4	1995	Wed	1	2	2
31296	49	7	4	1995	Fri	1	1	1
31297	49	12	4	1995	Wed	1	1	2
31304	49	17	5	1995	Wed	1	2	2
31305	49	5	4	1995	Wed	1	1	2
31306	49	2	6	1995	Fri	1	1	2
31307	49	20	5	1995	Sat	2	1	2
31309	49	7	6	1995	Wed	1	1	2
31312	49	19	4	1995	Wed	1	2	2
31315	49	7	4	1995	Fri	1	2	2
31316	49	21	4	1995	Fri	1	2	2
31318	49	20	4	1995	Thu	1	2	2
31320	49	5	4	1995	Wed	1	2	2
31322	49	28	4	1995	Fri	1	1	1
31323	49	22	4	1995	Sat	1	1	1
31324	49	10	4	1995	Mon	1	1	1
31325	49	14	4	1995	Fri	1	2	1
31326	49	21	4	1995	Fri	2	2	2
31328	49	28	4	1995	Fri	1	1	2
31329	49	27	4	1995	Thu	1	1	2
31330	49	19	5	1995	Fri	1	1	2
31332	49	8	4	1995	Sat	2	1	2
31334	49	10	4	1995	Mon	1	2	2
31335	49	12	4	1995	Wed	1	2	2
31336	49	11	5	1995	Thu	1	1	2
31337	49	25	4	1995	Tue	1	2	1
31341	49	20	5	1995	Sat	1	1	2
31342	49	21	4	1995	Fri	1	1	1
31347	49	25	4	1995	Tue	1	1	2
31350	49	24	5	1995	Wed	1	2	2
31351	49	12	5	1995	Fri	1	1	2
31357	49	12	6	1995	Mon	1	2	2
31360	49	19	6	1995	Mon	1	2	2
31362	49	19	4	1995	Wed	1	2	2
31366	49	26	10	1995	Thu	1	2	1
31367	49	12	6	1995	Mon	1	1	2
31370	49	12	6	1995	Mon	1	1	1
31371	49	4	5	1995	Thu	1	1	2
31374	49	2	5	1995	Tue	1	1	2
31378	49	14	4	1995	Fri	1	2	2
31379	49	20	4	1995	Thu	1	2	2
31380	49	12	4	1995	Wed	1	1	2
31382	49	5	4	1995	Wed	1	1	2
31388	49	7	4	1995	Fri	1	2	2
31390	49	19	4	1995	Wed	2	1	1
31391	49	15	4	1995	Sat	2	1	2
31393	49	13	4	1995	Thu	1	1	2
31394	49	18	4	1995	Tue	1	1	2
31395	49	15	4	1995	Sat	1	1	2
31396	49	11	4	1995	Tue	1	1	2
31401	49	12	5	1995	Fri	1	1	2
31402	49	28	4	1995	Fri	1	1	2
31405	49	20	4	1995	Thu	1	2	2
31406	49	27	6	1995	Tue	1	2	2
31408	49	21	4	1995	Fri	1	1	2
31411	49	4	7	1995	Tue	1	1	1
31413	49	20	4	1995	Thu	1	2	2
31417	49	9	5	1995	Tue	1	1	2
31418	49	3	5	1995	Wed	2	1	1
31420	49	17	5	1995	Wed	1	2	2
31421	49	30	4	1995	Sun	1	2	1
31424	49	20	4	1995	Thu	1	2	2
31425	49	22	4	1995	Sat	1	1	2
31426	49	21	4	1995	Fri	1	1	2
31427	49	10	4	1995	Mon	1	2	2
31428	49	7	4	1995	Fri	1	1	1
31430	49	25	4	1995	Tue	1	1	2
31431	49	12	4	1995	Wed	1	2	1
31434	49	26	4	1995	Wed	1	2	1
31435	49	21	4	1995	Fri	1	1	1
31437	49	20	4	1995	Thu	1	2	2
31440	49	20	4	1995	Thu	1	1	1
31441	49	22	4	1995	Sat	1	1	2
31442	49	12	4	1995	Wed	1	1	2
31445	49	24	4	1995	Mon	1	1	1
31446	49	29	4	1995	Sat	1	2	2
31447	49	8	4	1995	Sat	1	2	2
31448	49	11	4	1995	Tue	1	1	2
31452	49	15	4	1995	Sat	1	2	2
31458	49	27	4	1995	Thu	1	1	2
31460	49	21	4	1995	Fri	1	2	2
31461	49	21	4	1995	Fri	1	1	1
31465	49	1	6	1995	Thu	1	1	2
31467	49	24	4	1995	Mon	1	1	2
31470	49	12	4	1995	Wed	1	1	2
31471	49	7	4	1995	Fri	1	1	2
31472	49	11	4	1995	Tue	1	1	2
31473	49	12	5	1995	Fri	1	1	2
31475	49	12	4	1995	Wed	2	1	2
31476	49	23	5	1995	Tue	1	1	1
31480	49	21	4	1995	Fri	1	2	2
31482	49	17	5	1995	Wed	1	1	2
31483	49	10	5	1995	Wed	1	1	2
31487	49	9	6	1995	Fri	1	2	2
31489	49	23	5	1995	Tue	1	2	2
31490	49	25	4	1995	Tue	1	1	1
31491	49	2	5	1995	Tue	1	2	2
31493	49	26	5	1995	Fri	1	1	2
31495	49	5	4	1995	Wed	2	1	2
31497	49	5	4	1995	Wed	1	1	2
31500	49	21	4	1995	Fri	1	1	2
31502	49	7	4	1995	Fri	1	2	2
31507	49	19	4	1995	Wed	2	1	2
31509	49	23	6	1995	Fri	1	1	2
31511	49	29	4	1995	Sat	1	1	2
31512	49	14	4	1995	Fri	1	2	2
31513	49	24	5	1995	Wed	1	1	2
31514	49	29	4	1995	Sat	1	2	2
31515	49	15	4	1995	Sat	2	2	2
31517	49	11	4	1995	Tue	1	1	2
31520	49	11	4	1995	Tue	1	2	2
31521	49	24	5	1995	Wed	1	2	2
31525	49	25	5	1995	Thu	1	1	2
31527	49	19	4	1995	Wed	1	2	2
31529	49	12	4	1995	Wed	1	2	2
31530	49	13	4	1995	Thu	1	1	2
32011	49	27	4	1995	Thu	2	1	2
32012	49	27	4	1995	Thu	1	1	2
32013	49	27	4	1995	Thu	1	2	2
32021	49	20	4	1995	Thu	2	1	2
32022	49	20	4	1995	Thu	1	2	2
32023	49	20	4	1995	Thu	1	1	2
32041	49	26	4	1995	Wed	1	2	2
32042	49	26	4	1995	Wed	1	2	2
32043	49	23	4	1995	Sun	1	2	2
32052	49	24	4	1995	Mon	1	1	2
32053	49	27	4	1995	Thu	1	1	2
32061	49	2	5	1995	Tue	1	1	1
32062	49	2	5	1995	Tue	1	1	2
32063	49	2	5	1995	Tue	1	2	2
32073	49	21	4	1995	Fri	2	1	1
32091	49	13	4	1995	Thu	1	1	2
32092	49	14	4	1995	Fri	1	1	2
32093	49	13	4	1995	Thu	1	1	2
32101	49	22	5	1995	Mon	1	1	2
32102	49	22	5	1995	Mon	1	1	2
32103	49	22	5	1995	Mon	1	1	2
32131	49	13	5	1995	Sat	2	1	2
32132	49	12	5	1995	Fri	1	2	1
32133	49	13	5	1995	Sat	1	1	1
32141	49	31	5	1995	Wed	1	1	2
32142	49	31	5	1995	Wed	1	1	2
32143	49	31	5	1995	Wed	1	1	2
32152	49	29	4	1995	Sat	1	1	1
32153	49	29	4	1995	Sat	1	2	2
32161	49	18	5	1995	Thu	1	2	2
32162	49	18	5	1995	Thu	1	2	2
32163	49	18	5	1995	Thu	1	2	2
32171	49	7	4	1995	Fri	1	1	1
32173	49	7	4	1995	Fri	1	1	1
32191	49	12	4	1995	Wed	1	2	2
32192	49	12	4	1995	Wed	1	2	2
32193	49	12	4	1995	Wed	1	2	2
32201	49	16	4	1995	Sun	1	2	2
32202	49	16	4	1995	Sun	1	2	2
32203	49	16	4	1995	Sun	1	2	2
32211	49	9	5	1995	Tue	1	1	1
32212	49	9	5	1995	Tue	1	1	1
32213	49	9	5	1995	Tue	1	1	2
32221	49	15	5	1995	Mon	1	2	2
32222	49	15	5	1995	Mon	1	2	2
32223	49	15	5	1995	Mon	1	2	2
32231	49	21	4	1995	Fri	1	1	2
32232	49	21	4	1995	Fri	1	1	2
32233	49	21	4	1995	Fri	1	1	2
32252	49	11	4	1995	Tue	1	2	2
32253	49	8	4	1995	Sat	1	2	2
32271	49	27	4	1995	Thu	1	2	2
32272	49	13	5	1995	Sat	1	1	2
32273	49	27	4	1995	Thu	1	1	2
32301	49	25	4	1995	Tue	1	2	2
32302	49	25	4	1995	Tue	1	2	2
32303	49	25	4	1995	Tue	1	2	2
32311	49	12	4	1995	Wed	1	1	2
32312	49	12	4	1995	Wed	1	1	2
32313	49	12	4	1995	Wed	1	2	2
32321	49	11	4	1995	Tue	1	1	2
32322	49	11	4	1995	Tue	1	2	2
32323	49	11	4	1995	Tue	1	1	2
32331	49	28	4	1995	Fri	1	2	2
32332	49	28	4	1995	Fri	1	2	2
32333	49	26	4	1995	Wed	1	1	2
32341	49	15	4	1995	Sat	1	2	2
32342	49	17	4	1995	Mon	1	2	2
32343	49	17	4	1995	Mon	1	1	2
32361	49	3	5	1995	Wed	1	2	2
32362	49	3	5	1995	Wed	1	2	2
32363	49	3	5	1995	Wed	1	1	2
32373	49	26	4	1995	Wed	1	1	1
32391	49	2	5	1995	Tue	1	1	1
32392	49	29	4	1995	Sat	1	1	2
32393	49	26	4	1995	Wed	1	1	2
32401	49	2	6	1995	Fri	1	1	1
32402	49	12	6	1995	Mon	1	2	2
32411	49	25	4	1995	Tue	1	2	2
32451	49	16	5	1995	Tue	1	2	2
32452	49	16	5	1995	Tue	1	2	2
32453	49	16	5	1995	Tue	1	1	2
32461	49	29	5	1995	Mon	1	2	1
32462	49	1	6	1995	Thu	1	1	2
32471	49	9	5	1995	Tue	1	1	1
32472	49	10	5	1995	Wed	1	2	2
32481	49	25	4	1995	Tue	1	1	2
32482	49	28	4	1995	Fri	1	2	2
32541	49	26	5	1995	Fri	1	2	2
32542	49	26	5	1995	Fri	1	1	2
32543	49	26	5	1995	Fri	1	1	2
32551	49	15	5	1995	Mon	1	1	2
32552	49	15	5	1995	Mon	1	2	2
32553	49	15	5	1995	Mon	1	1	2
32572	49	13	5	1995	Sat	1	2	2
32573	49	13	5	1995	Sat	1	2	1
32591	49	1	5	1995	Mon	1	1	2
32592	49	1	5	1995	Mon	1	1	2
32593	49	1	5	1995	Mon	1	2	2
32612	49	13	5	1995	Sat	1	2	2
32613	49	10	5	1995	Wed	1	1	2
32633	49	26	5	1995	Fri	1	1	2
32731	49	7	6	1995	Wed	1	1	2
32732	49	7	6	1995	Wed	1	1	2
32733	49	7	6	1995	Wed	1	1	2
32781	49	10	7	1995	Mon	1	2	2
32782	49	10	7	1995	Mon	1	2	2
32783	49	10	7	1995	Mon	1	2	2
32791	49	6	6	1995	Tue	1	1	1
32792	49	6	6	1995	Tue	1	1	1
32793	49	6	6	1995	Tue	1	1	1
41001	49	16	8	1995	Wed	1	2	2
41003	49	17	8	1995	Thu	1	1	2
41005	49	4	8	1995	Fri	1	2	2
41006	49	9	8	1995	Wed	1	1	2
41007	49	17	8	1995	Thu	1	2	2
41008	49	3	8	1995	Thu	1	2	2
41009	49	2	8	1995	Wed	1	1	2
41011	49	16	7	1995	Sun	1	2	2
41012	49	14	9	1995	Thu	1	2	2
41014	49	3	7	1995	Mon	1	2	1
41015	49	15	8	1995	Tue	1	1	1
41017	49	22	9	1995	Fri	2	2	2
41018	49	30	8	1995	Wed	1	1	2
41020	49	1	8	1995	Tue	1	2	2
41021	49	9	7	1995	Sun	1	2	2
41022	49	26	9	1995	Tue	1	2	2
41024	49	22	7	1995	Sat	1	2	2
41028	49	8	8	1995	Tue	1	2	2
41032	49	22	7	1995	Sat	1	2	2
41034	49	22	7	1995	Sat	1	2	2
41036	49	25	7	1995	Tue	1	2	2
41037	49	18	7	1995	Tue	1	2	1
41038	49	11	7	1995	Tue	1	2	2
41040	49	16	8	1995	Wed	1	2	2
41042	49	3	8	1995	Thu	1	2	2
41045	49	12	8	1995	Sat	1	1	2
41048	49	31	7	1995	Mon	2	1	2
41050	49	7	7	1995	Fri	1	1	2
41053	49	9	7	1995	Sun	1	2	1
41055	49	22	7	1995	Sat	1	1	2
41056	49	22	7	1995	Sat	1	2	2
41057	49	6	7	1995	Thu	1	1	2
41058	49	18	8	1995	Fri	1	1	2
41059	49	15	7	1995	Sat	1	2	2
41060	49	6	7	1995	Thu	1	1	2
41061	49	17	8	1995	Thu	1	1	2
41063	49	26	7	1995	Wed	1	2	2
41064	49	7	8	1995	Mon	1	2	2
41067	49	22	8	1995	Tue	1	1	2
41068	49	6	7	1995	Thu	1	1	2
41069	49	8	8	1995	Tue	1	1	2
41070	49	11	7	1995	Tue	1	2	2
41074	49	12	7	1995	Wed	1	1	2
41077	49	6	7	1995	Thu	1	2	2
41078	49	10	7	1995	Mon	1	2	2
41079	49	11	7	1995	Tue	1	1	2
41080	49	8	9	1995	Fri	2	1	2
41081	49	7	8	1995	Mon	1	1	2
41082	49	28	7	1995	Fri	1	1	2
41084	49	22	8	1995	Tue	1	2	2
41085	49	27	7	1995	Thu	1	2	2
41088	49	8	8	1995	Tue	1	2	2
41089	49	27	9	1995	Wed	1	1	2
41090	49	8	8	1995	Tue	1	1	2
41091	49	21	7	1995	Fri	1	1	2
41092	49	6	7	1995	Thu	1	1	2
41093	49	12	7	1995	Wed	1	1	1
41094	49	4	8	1995	Fri	1	1	2
41095	49	11	7	1995	Tue	1	2	2
41097	49	2	7	1995	Sun	1	2	2
41099	49	6	7	1995	Thu	2	1	2
41100	49	26	7	1995	Wed	1	1	2
41102	49	6	7	1995	Thu	1	2	2
41103	49	15	7	1995	Sat	1	2	2
41104	49	16	7	1995	Sun	1	1	2
41106	49	20	7	1995	Thu	1	1	2
41107	49	11	7	1995	Tue	1	2	2
41109	49	11	8	1995	Fri	1	2	2
41111	49	11	8	1995	Fri	1	2	1
41112	49	21	8	1995	Mon	1	1	2
41114	49	30	7	1995	Sun	1	1	2
41115	49	11	7	1995	Tue	1	1	2
41117	49	5	7	1995	Wed	1	1	1
41118	49	10	7	1995	Mon	1	2	2
41121	49	25	7	1995	Tue	1	1	2
41122	49	19	9	1995	Tue	1	1	2
41124	49	7	8	1995	Mon	1	1	2
41127	49	12	7	1995	Wed	2	1	2
41128	49	4	7	1995	Tue	1	1	2
41131	49	13	9	1995	Wed	1	1	2
41133	49	14	8	1995	Mon	1	1	2
41135	49	15	8	1995	Tue	1	2	2
41136	49	20	7	1995	Thu	1	2	2
41138	49	6	9	1995	Wed	1	1	2
41139	49	11	7	1995	Tue	1	1	2
41142	49	29	7	1995	Sat	1	2	2
41143	49	7	7	1995	Fri	2	1	2
41144	49	31	7	1995	Mon	1	2	2
41145	49	26	7	1995	Wed	1	1	1
41146	49	9	8	1995	Wed	1	2	2
41147	49	23	8	1995	Wed	1	1	2
41150	49	22	8	1995	Tue	1	2	2
41151	49	16	7	1995	Sun	1	2	2
41153	49	6	7	1995	Thu	1	1	2
41155	49	9	9	1995	Sat	1	1	2
41156	49	8	8	1995	Tue	1	1	2
41157	49	20	8	1995	Sun	2	1	2
41158	49	25	7	1995	Tue	1	2	2
41160	49	8	8	1995	Tue	1	2	2
41161	49	19	7	1995	Wed	1	2	2
41162	49	9	8	1995	Wed	1	2	2
41163	49	13	7	1995	Thu	1	2	2
41164	49	29	7	1995	Sat	2	2	2
41165	49	7	7	1995	Fri	1	2	2
41166	49	18	7	1995	Tue	2	1	2
41167	49	19	7	1995	Wed	1	2	2
41168	49	8	8	1995	Tue	1	1	2
41169	49	8	8	1995	Tue	1	1	2
41170	49	8	7	1995	Sat	1	2	2
41171	49	8	7	1995	Sat	1	1	2
41173	49	28	7	1995	Fri	2	1	2
41175	49	8	9	1995	Fri	1	2	2
41176	49	4	9	1995	Mon	1	1	2
41180	49	13	9	1995	Wed	1	1	2
41181	49	16	8	1995	Wed	1	1	2
41183	49	1	9	1995	Fri	1	2	2
41184	49	3	8	1995	Thu	1	1	2
41186	49	26	7	1995	Wed	1	1	2
41191	49	28	7	1995	Fri	1	2	2
41192	49	1	9	1995	Fri	1	1	1
41193	49	20	7	1995	Thu	1	1	1
41194	49	23	7	1995	Sun	1	1	1
41195	49	1	9	1995	Fri	1	2	2
41196	49	13	9	1995	Wed	1	1	2
41201	49	18	7	1995	Tue	1	1	2
41203	49	26	7	1995	Wed	1	2	2
41204	49	11	7	1995	Tue	1	2	2
41205	49	18	7	1995	Tue	1	2	2
41206	49	11	7	1995	Tue	1	2	2
41207	49	19	7	1995	Wed	1	2	2
41208	49	26	9	1995	Tue	1	1	1
41217	49	1	8	1995	Tue	1	1	2
41218	49	18	7	1995	Tue	1	1	2
41219	49	3	8	1995	Thu	2	2	2
41222	49	18	7	1995	Tue	1	2	2
41223	49	20	7	1995	Thu	1	2	2
41225	49	12	9	1995	Tue	1	1	1
41226	49	4	8	1995	Fri	2	1	2
41227	49	17	8	1995	Thu	1	1	2
41229	49	17	8	1995	Thu	1	1	1
41231	49	3	8	1995	Thu	1	1	1
41232	49	26	7	1995	Wed	1	1	2
41235	49	8	8	1995	Tue	1	1	2
41236	49	28	7	1995	Fri	1	1	1
41238	49	8	7	1995	Sat	1	1	2
41239	49	26	7	1995	Wed	1	1	1
41240	49	1	8	1995	Tue	1	2	2
41244	49	13	7	1995	Thu	1	1	1
41245	49	15	7	1995	Sat	1	1	2
41247	49	11	7	1995	Tue	1	1	2
41248	49	13	7	1995	Thu	1	2	2
41252	49	22	7	1995	Sat	1	1	2
41253	49	19	7	1995	Wed	1	1	1
41254	49	15	7	1995	Sat	1	1	2
41256	49	21	8	1995	Mon	1	2	2
41257	49	10	7	1995	Mon	1	1	2
41258	49	5	7	1995	Wed	1	2	2
41259	49	4	8	1995	Fri	1	1	2
41260	49	26	7	1995	Wed	1	1	2
41263	49	14	7	1995	Fri	1	1	2
41264	49	28	7	1995	Fri	2	1	2
41268	49	21	7	1995	Fri	1	2	1
41270	49	19	7	1995	Wed	1	2	2
41271	49	11	7	1995	Tue	1	1	2
41273	49	14	9	1995	Thu	1	2	2
41274	49	12	9	1995	Tue	1	1	2
41275	49	20	7	1995	Thu	1	1	2
41276	49	19	7	1995	Wed	1	1	2
41278	49	1	8	1995	Tue	1	2	2
41279	49	15	7	1995	Sat	1	1	2
41282	49	1	8	1995	Tue	1	1	2
41283	49	31	7	1995	Mon	1	1	1
41285	49	6	9	1995	Wed	1	2	2
41287	49	25	7	1995	Tue	1	1	2
41288	49	3	7	1995	Mon	1	1	2
41290	49	25	8	1995	Fri	1	2	2
41292	49	25	9	1995	Mon	1	2	2
41295	49	26	7	1995	Wed	1	1	2
41297	49	5	7	1995	Wed	1	1	2
41299	49	12	7	1995	Wed	1	2	2
41302	49	20	7	1995	Thu	1	2	2
41304	49	4	8	1995	Fri	1	1	2
41305	49	6	7	1995	Thu	1	2	2
41306	49	24	7	1995	Mon	1	1	2
41312	49	14	7	1995	Fri	1	1	2
41313	49	5	7	1995	Wed	1	1	2
41315	49	3	7	1995	Mon	1	2	1
41316	49	11	7	1995	Tue	1	1	2
41317	49	1	8	1995	Tue	1	1	2
41318	49	15	7	1995	Sat	1	1	2
41319	49	13	7	1995	Thu	1	2	2
41320	49	4	7	1995	Tue	1	1	2
41321	49	2	7	1995	Sun	1	1	1
41323	49	7	7	1995	Fri	1	1	2
41325	49	14	7	1995	Fri	1	2	2
41326	49	28	7	1995	Fri	1	1	2
41330	49	7	7	1995	Fri	1	1	2
41332	49	4	7	1995	Tue	1	1	2
41333	49	23	8	1995	Wed	1	2	2
41334	49	1	8	1995	Tue	1	2	2
41336	49	15	7	1995	Sat	1	1	2
41337	49	20	8	1995	Sun	1	1	2
41339	49	18	8	1995	Fri	1	1	2
41340	49	30	7	1995	Sun	1	2	1
41341	49	7	8	1995	Mon	1	2	2
41342	49	12	8	1995	Sat	1	1	2
41344	49	11	8	1995	Fri	1	1	2
41345	49	11	7	1995	Tue	1	1	1
41349	49	5	7	1995	Wed	1	1	1
41350	49	4	7	1995	Tue	1	1	2
41351	49	7	8	1995	Mon	1	1	2
41352	49	30	7	1995	Sun	1	1	2
41353	49	1	8	1995	Tue	1	2	2
41354	49	3	8	1995	Thu	1	1	1
41357	49	17	7	1995	Mon	1	1	1
41360	49	21	7	1995	Fri	1	1	1
41361	49	28	7	1995	Fri	1	1	2
41362	49	27	7	1995	Thu	1	1	2
41364	49	26	7	1995	Wed	2	1	2
41366	49	24	7	1995	Mon	1	2	2
41367	49	23	7	1995	Sun	1	2	2
41368	49	3	8	1995	Thu	1	2	2
41369	49	13	7	1995	Thu	1	1	2
41371	49	19	7	1995	Wed	1	1	1
41376	49	7	9	1995	Thu	2	2	1
41377	49	15	8	1995	Tue	1	1	2
41379	49	1	8	1995	Tue	1	1	1
41383	49	24	8	1995	Thu	1	1	1
41384	49	24	8	1995	Thu	1	2	2
41385	49	4	8	1995	Fri	1	2	1
41386	49	12	7	1995	Wed	1	1	1
41387	49	20	7	1995	Thu	1	1	1
41388	49	2	9	1995	Sat	1	2	1
41392	49	25	8	1995	Fri	1	1	2
41395	49	22	8	1995	Tue	1	1	1
41396	49	31	7	1995	Mon	1	1	2
41397	49	12	7	1995	Wed	1	1	1
41398	49	20	7	1995	Thu	1	2	2
41399	49	19	7	1995	Wed	1	1	2
41401	49	25	7	1995	Tue	1	1	2
41402	49	13	8	1995	Sun	1	1	2
41405	49	27	9	1995	Wed	1	1	2
41407	49	13	7	1995	Thu	1	2	2
41408	49	12	7	1995	Wed	1	1	2
41409	49	22	7	1995	Sat	1	2	2
41410	49	18	7	1995	Tue	1	1	2
41411	49	20	7	1995	Thu	2	1	2
41412	49	4	7	1995	Tue	1	1	2
41413	49	14	7	1995	Fri	1	2	2
41414	49	20	7	1995	Thu	1	2	2
41416	49	5	7	1995	Wed	1	2	2
41417	49	21	7	1995	Fri	1	1	2
41418	49	15	7	1995	Sat	1	1	2
41419	49	16	7	1995	Sun	1	2	2
41421	49	23	7	1995	Sun	1	2	2
41422	49	4	7	1995	Tue	1	2	2
41426	49	24	7	1995	Mon	1	1	2
41427	49	13	7	1995	Thu	1	2	2
41428	49	20	7	1995	Thu	1	2	2
41429	49	15	7	1995	Sat	1	1	2
41430	49	13	7	1995	Thu	1	1	2
41433	49	12	7	1995	Wed	1	2	2
41434	49	30	7	1995	Sun	1	2	2
41435	49	5	7	1995	Wed	1	2	2
41436	49	31	7	1995	Mon	2	1	2
41438	49	25	8	1995	Fri	1	1	2
41439	49	18	8	1995	Fri	1	1	2
41440	49	23	7	1995	Sun	1	1	2
41442	49	10	7	1995	Mon	1	1	2
41443	49	26	7	1995	Wed	1	1	2
41445	49	21	9	1995	Thu	1	1	1
41448	49	22	7	1995	Sat	1	1	1
41450	49	22	7	1995	Sat	2	1	1
41453	49	6	9	1995	Wed	1	1	1
41455	49	16	8	1995	Wed	2	1	2
41456	49	14	7	1995	Fri	1	1	2
41457	49	29	7	1995	Sat	1	2	2
41458	49	19	7	1995	Wed	1	2	2
41459	49	13	7	1995	Thu	1	1	2
41461	49	6	7	1995	Thu	1	2	1
41463	49	8	7	1995	Sat	1	1	2
41464	49	21	9	1995	Thu	1	1	2
41465	49	19	7	1995	Wed	1	1	1
41466	49	11	7	1995	Tue	1	2	2
41468	49	29	7	1995	Sat	1	1	2
41469	49	25	8	1995	Fri	1	1	1
41470	49	19	8	1995	Sat	1	2	2
41472	49	2	8	1995	Wed	1	1	2
41473	49	6	7	1995	Thu	1	1	2
41474	49	18	8	1995	Fri	1	1	2
41475	49	25	7	1995	Tue	1	2	2
41477	49	5	7	1995	Wed	1	2	2
41479	49	5	7	1995	Wed	1	2	2
41481	49	7	7	1995	Fri	1	1	2
41485	49	4	7	1995	Tue	1	1	2
41486	49	23	7	1995	Sun	1	1	2
41487	49	17	8	1995	Thu	2	1	2
41488	49	9	8	1995	Wed	2	2	2
41490	49	13	7	1995	Thu	1	1	2
41491	49	19	8	1995	Sat	1	2	2
41492	49	4	8	1995	Fri	1	1	2
41493	49	9	8	1995	Wed	1	2	2
41494	49	29	7	1995	Sat	1	2	2
41495	49	7	7	1995	Fri	1	1	2
41497	49	21	7	1995	Fri	1	1	2
41499	49	22	7	1995	Sat	1	1	2
41500	49	11	7	1995	Tue	1	1	2
41501	49	17	8	1995	Thu	1	2	2
41503	49	13	7	1995	Thu	1	1	2
41504	49	15	7	1995	Sat	1	1	1
41505	49	28	7	1995	Fri	1	1	2
41506	49	24	7	1995	Mon	1	2	2
41509	49	17	8	1995	Thu	1	2	2
41512	49	20	7	1995	Thu	1	1	2
41513	49	24	7	1995	Mon	1	1	2
41515	49	27	7	1995	Thu	1	2	2
41517	49	26	7	1995	Wed	1	1	2
41519	49	28	8	1995	Mon	1	1	2
41520	49	22	7	1995	Sat	1	1	1
41521	49	24	7	1995	Mon	1	2	2
41522	49	31	7	1995	Mon	1	1	1
41524	49	3	8	1995	Thu	1	2	1
41525	49	12	7	1995	Wed	1	1	1
41527	49	25	7	1995	Tue	1	2	1
41528	49	21	7	1995	Fri	1	1	2
41529	49	19	9	1995	Tue	1	1	2
41530	49	15	8	1995	Tue	1	1	2
41531	49	28	7	1995	Fri	1	2	2
41533	49	8	8	1995	Tue	1	1	2
41536	49	19	8	1995	Sat	1	1	2
41537	49	11	8	1995	Fri	1	1	2
41539	49	19	8	1995	Sat	1	1	1
41541	49	18	7	1995	Tue	1	1	2
41542	49	26	7	1995	Wed	1	1	1
41543	49	19	7	1995	Wed	1	1	2
41544	49	10	8	1995	Thu	1	1	2
41548	49	19	7	1995	Wed	1	2	2
41549	49	8	8	1995	Tue	1	1	1
41552	49	18	7	1995	Tue	1	1	2
41553	49	8	7	1995	Sat	1	2	2
41555	49	26	7	1995	Wed	1	1	1
41556	49	25	7	1995	Tue	1	1	1
41557	49	11	7	1995	Tue	1	1	1
41558	49	14	8	1995	Mon	1	1	2
41562	49	24	8	1995	Thu	1	2	2
41563	49	15	7	1995	Sat	1	2	2
41565	49	11	7	1995	Tue	1	1	2
41566	49	31	7	1995	Mon	1	1	2
41568	49	27	8	1995	Sun	1	2	1
41569	49	8	7	1995	Sat	1	2	2
41570	49	20	8	1995	Sun	1	1	2
41571	49	25	7	1995	Tue	1	1	2
41572	49	12	7	1995	Wed	1	1	2
41577	49	8	7	1995	Sat	1	1	2
41579	49	23	7	1995	Sun	1	2	2
41580	49	4	7	1995	Tue	1	1	2
41583	49	19	7	1995	Wed	1	1	2
41584	49	14	7	1995	Fri	1	1	1
41585	49	5	9	1995	Tue	1	1	2
41587	49	25	7	1995	Tue	1	1	2
41590	49	5	9	1995	Tue	1	2	2
41592	49	5	7	1995	Wed	1	2	2
41593	49	5	8	1995	Sat	1	2	2
41594	49	18	7	1995	Tue	1	1	2
41596	49	19	7	1995	Wed	1	1	2
41597	49	11	7	1995	Tue	1	1	2
41600	49	5	7	1995	Wed	1	1	2
41602	49	14	7	1995	Fri	1	2	2
41605	49	26	7	1995	Wed	1	1	2
41606	49	13	7	1995	Thu	1	2	1
41607	49	6	7	1995	Thu	1	1	2
41608	49	24	8	1995	Thu	1	1	2
41609	49	10	8	1995	Thu	1	2	2
41610	49	5	7	1995	Wed	1	1	2
41612	49	4	8	1995	Fri	1	1	1
41613	49	19	7	1995	Wed	1	2	2
41614	49	5	7	1995	Wed	1	2	2
41616	49	11	7	1995	Tue	2	2	2
42011	49	29	7	1995	Sat	1	2	2
42012	49	29	7	1995	Sat	1	1	1
42013	49	29	7	1995	Sat	1	2	2
42021	49	16	9	1995	Sat	1	2	2
42022	49	16	9	1995	Sat	1	1	2
42023	49	16	9	1995	Sat	1	1	2
42031	49	24	7	1995	Mon	1	2	2
42032	49	24	7	1995	Mon	1	2	2
42033	49	24	7	1995	Mon	1	2	2
42051	49	11	7	1995	Tue	1	2	1
42052	49	11	7	1995	Tue	1	1	1
42053	49	11	7	1995	Tue	1	2	2
42061	49	5	8	1995	Sat	1	1	2
42062	49	3	8	1995	Thu	1	1	2
42063	49	5	8	1995	Sat	1	1	2
42071	49	10	8	1995	Thu	1	2	2
42072	49	12	8	1995	Sat	1	2	2
42073	49	2	8	1995	Wed	1	2	2
42082	49	31	7	1995	Mon	1	1	1
42083	49	31	7	1995	Mon	1	2	2
42091	49	21	7	1995	Fri	1	2	2
42092	49	19	7	1995	Wed	1	1	2
42093	49	20	7	1995	Thu	1	2	2
42111	49	24	7	1995	Mon	1	1	2
42112	49	24	7	1995	Mon	1	2	2
42113	49	24	7	1995	Mon	1	1	1
42121	49	11	8	1995	Fri	1	2	2
42122	49	11	8	1995	Fri	1	2	2
42123	49	9	8	1995	Wed	1	1	2
42131	49	12	7	1995	Wed	1	2	2
42132	49	12	7	1995	Wed	1	2	2
42133	49	12	7	1995	Wed	2	1	2
42151	49	12	7	1995	Wed	1	1	2
42152	49	8	7	1995	Sat	1	1	2
42153	49	8	7	1995	Sat	1	1	2
42171	49	13	7	1995	Thu	1	1	2
42172	49	13	7	1995	Thu	1	1	2
42173	49	16	7	1995	Sun	1	1	2
42181	49	12	8	1995	Sat	1	2	2
42182	49	12	8	1995	Sat	1	1	2
42183	49	10	7	1995	Mon	1	1	2
42213	49	5	8	1995	Sat	1	2	2
42221	49	18	7	1995	Tue	1	2	2
42223	49	18	7	1995	Tue	1	1	2
42231	49	28	7	1995	Fri	1	1	2
42232	49	28	7	1995	Fri	1	2	2
42233	49	28	7	1995	Fri	1	1	2
42241	49	2	8	1995	Wed	1	2	2
42242	49	2	8	1995	Wed	1	2	2
42243	49	2	8	1995	Wed	1	2	2
42272	49	29	8	1995	Tue	1	2	2
42273	49	29	8	1995	Tue	1	2	2
42281	49	8	8	1995	Tue	1	2	2
42282	49	8	8	1995	Tue	1	2	2
42283	49	8	8	1995	Tue	1	2	2
42301	49	4	8	1995	Fri	1	1	1
42302	49	4	8	1995	Fri	1	1	2
42303	49	4	8	1995	Fri	1	1	2
42311	49	15	8	1995	Tue	1	1	1
42312	49	15	8	1995	Tue	1	2	2
42313	49	15	8	1995	Tue	1	2	2
42321	49	17	7	1995	Mon	1	2	2
42322	49	17	7	1995	Mon	1	1	2
42323	49	17	7	1995	Mon	1	2	2
42331	49	11	7	1995	Tue	1	2	2
42332	49	11	7	1995	Tue	1	2	2
42333	49	11	7	1995	Tue	1	2	2
42351	49	19	7	1995	Wed	1	1	1
42352	49	19	7	1995	Wed	1	1	2
42353	49	19	7	1995	Wed	1	1	1
42361	49	1	8	1995	Tue	1	2	2
42362	49	1	8	1995	Tue	1	1	2
42363	49	1	8	1995	Tue	1	1	2
42371	49	8	7	1995	Sat	1	1	2
42372	49	8	7	1995	Sat	1	1	2
42373	49	10	7	1995	Mon	1	1	2
42381	49	21	7	1995	Fri	1	1	2
42382	49	21	7	1995	Fri	1	1	2
42383	49	21	7	1995	Fri	1	2	2
42392	49	15	8	1995	Tue	1	2	2
42393	49	15	8	1995	Tue	1	2	2
42402	49	21	8	1995	Mon	1	1	2
42403	49	22	8	1995	Tue	1	1	2
42411	49	8	8	1995	Tue	1	1	1
42412	49	8	8	1995	Tue	1	1	2
42413	49	5	8	1995	Sat	1	2	2
42431	49	23	7	1995	Sun	1	2	1
42432	49	23	7	1995	Sun	1	2	1
42433	49	23	7	1995	Sun	1	2	1
42451	49	5	8	1995	Sat	1	2	2
42452	49	5	8	1995	Sat	1	1	2
42453	49	5	8	1995	Sat	1	1	1
42461	49	29	7	1995	Sat	1	1	2
42462	49	29	7	1995	Sat	1	1	2
42463	49	29	7	1995	Sat	1	1	2
42471	49	7	7	1995	Fri	1	2	2
42472	49	7	7	1995	Fri	1	2	2
42473	49	7	7	1995	Fri	1	1	2
42481	49	18	7	1995	Tue	1	1	2
42482	49	18	7	1995	Tue	1	2	2
42483	49	18	7	1995	Tue	1	1	2
42521	49	17	7	1995	Mon	1	2	2
42522	49	18	7	1995	Tue	1	1	2
42523	49	17	7	1995	Mon	1	2	2
42541	49	18	8	1995	Fri	1	1	2
42542	49	22	8	1995	Tue	1	2	2
42543	49	18	8	1995	Fri	1	2	2
42551	49	27	7	1995	Thu	1	1	2
42552	49	8	8	1995	Tue	1	2	2
42553	49	28	7	1995	Fri	1	2	2
42602	49	8	8	1995	Tue	1	1	2
42603	49	8	8	1995	Tue	1	2	2
42641	49	7	8	1995	Mon	1	1	2
42642	49	7	8	1995	Mon	1	2	2
42643	49	7	8	1995	Mon	1	2	2
42681	49	28	7	1995	Fri	1	2	2
42682	49	28	7	1995	Fri	1	1	2
42683	49	28	7	1995	Fri	1	1	2
42691	49	29	7	1995	Sat	1	1	1
42692	49	26	7	1995	Wed	1	1	2
42693	49	26	7	1995	Wed	1	1	2
42701	49	26	9	1995	Tue	1	1	2
42702	49	26	9	1995	Tue	1	1	2
42703	49	22	9	1995	Fri	1	1	1
42711	49	31	8	1995	Thu	1	1	1
42712	49	31	8	1995	Thu	1	1	1
42713	49	31	8	1995	Thu	1	1	1
42781	49	16	8	1995	Wed	1	2	2
42782	49	16	8	1995	Wed	1	2	2
42783	49	16	8	1995	Wed	1	1	2
42853	49	12	9	1995	Tue	1	1	1
42891	49	17	9	1995	Sun	1	2	2
42892	49	13	9	1995	Wed	1	1	2
42893	49	13	9	1995	Wed	1	1	2
