wave	rownum	serial	area	lr7	lr6	lr5	lr4	lr3	lr2	lr1	ll1	ll2	ll3	ll4	ll5	ll6	ll7
1	29	51001L	1	 	0	0	0	0	0	0	0	0	0	0	0	0	0
1	29	51002M	1	1	1	1	0	0	0	0	1	1	0	1	1	1	1
1	29	51003N	1	 	0	0	0	0	0	0	0	0	0	0	0	0	0
1	29	51005Q	1	 	0	0	0	0	0	0	0	0	0	0	0	0	0
1	29	51006R	1	2	2	2	2	0	0	0	0	0	0	2	2	2	2
1	29	51007S	1	2	0	0	0	0	0	0	0	0	0	2	2	2	0
1	29	51008T	1	 	0	0	0	0	0	0	0	0	0	0	0	0	0
1	29	51009V	1	1	1	0	0	0	1	1	1	1	0	0	1	1	1
1	29	51010W	1	0	1	0	0	0	0	0	0	0	0	0	0	0	0
1	29	51013Z	8	 	0	0	0	0	0	0	0	0	0	0	0	0	0
1	29	51014A	8	1	1	1	1	0	0	0	0	0	0	0	0	1	1
1	29	51015B	8	 	0	0	0	0	0	0	0	0	0	0	0	0	0
1	29	51016C	8	 	0	0	0	0	0	0	0	0	0	0	0	0	0
1	29	51017D	8	 	0	0	0	0	0	0	0	0	0	0	0	0	0
1	29	51018E	8	 	0	0	0	0	0	0	0	0	0	0	0	0	0
1	29	51020G	9	 	0	0	0	0	0	0	0	0	0	0	0	0	0
1	29	51021H	9	 	0	0	0	0	0	0	0	0	0	0	0	0	0
1	29	51023K	9	0	0	1	0	0	0	0	0	0	0	1	1	1	0
1	29	51024L	9	 	0	0	0	0	0	0	0	0	0	0	0	0	0
1	29	51025M	9	 	0	0	0	0	0	0	0	0	0	0	0	0	0
1	29	51026N	9	1	0	1	1	0	0	0	0	0	0	0	0	0	1
1	29	51027P	9	1	1	1	0	0	0	0	0	0	0	0	1	1	1
1	29	51028Q	9	 	0	0	0	0	0	0	0	0	0	0	0	0	0
1	29	51029R	16	2	2	2	2	0	0	0	0	0	0	1	0	2	2
1	29	51030S	16	2	2	2	2	2	2	2	2	2	2	2	2	2	2
1	29	51031T	16	 	0	0	0	0	0	0	0	0	0	0	0	0	0
1	29	51034X	16	0	0	1	0	0	0	0	0	0	0	0	1	1	0
1	29	51035Y	16	1	0	1	0	0	0	0	0	0	0	0	0	1	1
1	29	51036Z	16	1	1	1	1	0	0	0	0	0	0	0	0	1	1
1	29	51037A	16	0	0	0	0	0	0	0	0	0	0	0	0	1	1
1	29	51038B	16	 	0	0	0	0	0	0	0	0	0	0	0	0	0
1	29	51039C	16	 	0	0	0	0	0	0	0	0	0	0	0	0	0
1	29	51040D	17	 	0	0	0	0	0	0	0	0	0	0	0	0	0
1	29	51041E	17	 	0	0	0	0	0	0	0	0	0	0	0	0	0
1	29	51042F	17	0	2	0	0	0	0	2	0	0	0	2	2	2	2
1	29	51043G	17	 	0	0	0	0	0	0	0	0	0	0	0	0	0
1	29	51044H	17	 	0	0	0	0	0	0	0	0	0	0	0	0	0
1	29	51045J	17	1	1	1	0	0	0	0	0	0	0	0	0	1	1
1	29	51046K	17	0	0	0	0	0	1	1	1	1	0	0	0	1	1
1	29	51047L	17	2	2	2	1	0	2	2	2	2	1	2	2	1	0
1	29	51049N	17	 	0	0	0	0	0	0	0	0	0	0	0	0	0
1	29	51050P	17	0	1	1	0	0	0	0	0	0	0	0	1	1	0
1	29	51051Q	24	 	 	0	0	0	0	0	0	0	0	0	0	0	0
1	29	51052R	24	0	1	1	0	0	0	0	0	0	0	1	1	1	1
1	29	51053S	24	 	 	0	0	0	0	0	0	0	0	0	0	0	0
1	29	51054T	24	 	 	0	0	0	0	0	0	0	0	0	0	0	0
1	29	51055V	24	2	2	2	1	0	0	1	1	1	0	1	2	2	2
1	29	51056W	24	2	2	2	2	0	0	0	0	0	2	2	2	2	2
1	29	51057X	24	0	0	0	0	0	0	0	0	0	0	0	1	1	0
1	29	51058Y	25	1	1	1	0	0	0	0	0	0	0	0	1	1	1
1	29	51059Z	25	1	0	0	0	0	0	0	0	0	0	0	0	0	0
1	29	51060A	25	2	2	2	0	0	0	2	2	1	0	2	2	2	2
1	29	51061B	25	1	1	1	0	0	0	1	0	0	0	0	1	1	1
1	29	51062C	25	 	0	0	0	0	0	0	0	0	0	0	0	0	0
1	29	51064E	25	1	1	1	1	0	0	1	1	0	0	1	0	1	1
1	29	51065F	25	0	0	0	0	0	0	0	0	0	0	0	1	1	0
1	29	51066G	25	2	2	0	2	2	0	0	0	0	0	2	2	2	2
1	29	51067H	25	 	 	0	0	0	0	0	0	0	0	0	0	0	0
1	29	51068J	25	0	1	1	0	0	0	0	0	0	0	0	0	1	1
1	29	51070L	32	2	2	2	2	2	2	2	2	2	0	1	2	2	2
1	29	51071M	32	 	0	0	0	0	0	0	0	0	0	0	0	0	0
1	29	51072N	32	1	0	0	0	0	0	0	0	0	0	0	0	0	1
1	29	51073P	32	0	0	0	0	0	0	0	0	0	0	0	1	1	0
1	29	51074Q	32	 	0	0	0	0	0	0	0	0	0	0	0	0	0
1	29	51075R	32	1	0	0	0	0	0	0	0	0	0	0	0	1	1
1	29	51076S	32	0	0	0	0	0	0	0	0	0	0	0	0	0	0
1	29	51077T	32	 	0	0	0	0	0	0	0	0	0	0	0	0	0
1	29	51078V	32	0	1	1	0	0	0	0	0	0	0	0	0	1	0
1	29	51079W	32	 	0	0	0	0	0	0	0	0	0	0	0	0	0
1	29	51080X	32	1	1	0	0	0	0	0	0	0	0	0	0	1	1
1	29	51081Y	33	0	0	0	0	0	0	0	0	0	0	0	0	0	0
1	29	51082Z	33	 	0	0	0	0	0	0	0	0	0	0	0	0	0
1	29	51083A	33	 	0	0	0	0	0	0	0	0	0	0	0	0	0
1	29	51084B	33	0	2	2	2	2	2	2	2	2	2	2	2	2	1
1	29	51087E	33	2	2	2	2	0	0	0	0	0	0	2	2	2	2
1	29	51088F	33	0	1	1	0	0	0	0	0	0	0	0	1	1	1
1	29	51089G	33	 	0	0	0	0	0	0	0	0	0	0	0	0	0
1	29	51090H	33	1	0	0	0	0	0	0	0	0	0	1	0	1	0
1	29	51091J	33	1	1	1	0	0	0	0	0	0	0	0	1	1	1
1	29	51092K	33	 	0	0	0	0	0	0	0	0	0	0	0	0	0
1	29	51093L	40	1	1	1	0	1	0	0	0	0	0	1	0	1	1
1	29	51094M	40	2	2	2	2	0	2	2	2	2	0	2	2	2	2
1	29	51095N	40	 	0	0	0	0	0	0	0	0	0	0	0	0	0
1	29	51096P	40	0	1	1	0	0	0	0	0	0	0	0	0	1	0
1	29	51097Q	40	0	1	0	0	0	0	0	0	0	0	0	0	1	0
1	29	51098R	40	0	1	1	1	0	0	1	0	0	0	0	0	1	0
1	29	51099S	40	 	0	0	0	0	0	0	0	0	0	0	0	0	0
1	29	51100T	40	2	2	2	2	2	2	2	2	2	2	2	2	2	0
1	29	51101V	40	0	0	1	0	0	0	0	0	0	0	0	0	1	0
1	29	51102W	40	1	0	0	0	0	0	0	0	0	0	0	1	1	1
1	29	51103X	41	 	0	0	0	0	0	0	0	0	0	0	0	0	0
1	29	51104Y	41	 	0	0	0	0	0	0	0	0	0	0	0	0	0
1	29	51105Z	41	 	0	0	0	0	0	0	0	0	0	0	0	0	0
1	29	51107B	41	0	0	0	0	0	0	2	2	2	0	2	0	0	0
1	29	51108C	41	1	0	0	0	0	0	0	0	0	0	0	0	1	1
1	29	51109D	41	1	0	1	1	0	0	0	0	0	0	0	1	1	1
1	29	51110E	41	1	1	1	1	0	0	0	0	0	0	-	-	-	-
1	29	51111F	41	1	0	1	0	0	0	0	0	0	0	0	1	1	0
1	29	51112G	41	 	0	0	0	0	0	0	0	0	0	0	0	0	0
1	29	51113H	48	 	0	0	0	0	0	0	0	0	0	0	0	0	0
1	29	51114J	48	0	1	0	0	0	0	0	0	0	0	0	0	1	1
1	29	51115K	48	1	1	1	0	0	0	0	0	0	0	1	1	1	1
1	29	51116L	48	2	2	0	0	0	0	0	0	0	0	0	0	2	2
1	29	51117M	48	 	0	0	0	0	0	0	0	0	0	0	0	0	0
1	29	51118N	48	0	1	1	0	0	0	0	0	0	0	0	0	1	0
1	29	51119P	48	1	1	0	0	0	0	0	0	0	0	0	0	1	1
1	29	51120Q	48	2	2	0	0	0	0	0	0	0	0	2	2	2	2
1	29	51121R	48	 	0	0	0	0	0	0	0	0	0	0	0	0	0
1	29	51122S	49	1	1	1	0	0	0	0	0	1	1	1	0	1	0
1	29	51123T	49	 	0	0	0	0	0	0	0	0	0	0	0	0	0
1	29	51125W	49	 	0	0	0	0	0	0	0	0	0	0	0	0	0
1	29	51127Y	49	 	0	0	0	0	0	0	0	0	0	0	0	0	0
1	29	51128Z	49	2	2	2	2	2	2	2	2	2	2	2	2	2	2
1	29	51129A	49	 	0	0	0	0	0	0	0	0	0	0	0	0	0
1	29	51130B	49	0	0	0	0	0	0	0	0	0	0	0	0	0	1
1	29	51131C	49	 	0	0	0	0	0	0	0	0	0	0	0	0	0
1	29	51132D	49	 	0	0	0	0	0	0	0	0	0	0	0	0	0
1	29	51133E	49	1	1	1	1	2	2	2	2	2	2	1	1	1	1
1	29	51134F	56	1	1	1	1	0	0	0	0	0	0	1	1	1	1
1	29	51135G	56	 	0	0	0	0	0	0	0	0	0	0	0	0	0
1	29	51136H	56	 	0	0	0	0	0	0	0	0	0	0	0	0	0
1	29	51137J	56	 	0	0	0	0	0	0	0	0	0	0	0	0	0
1	29	51138K	56	 	0	0	0	0	0	0	0	0	0	0	0	0	0
1	29	51139L	56	0	0	0	0	0	0	0	0	0	0	0	0	0	0
1	29	51141N	57	 	0	0	0	0	0	0	0	0	0	0	0	0	0
1	29	51142P	57	 	0	0	0	0	0	0	0	0	0	0	0	0	0
1	29	51143Q	57	 	0	0	0	0	0	0	0	0	0	0	0	0	0
1	29	51144R	57	1	1	0	1	0	0	0	0	0	0	1	0	1	1
1	29	51145S	57	1	1	1	1	0	0	0	0	0	0	1	1	1	0
1	29	51146T	57	 	0	0	0	0	0	0	0	0	0	0	0	0	0
1	29	51147V	57	 	0	0	0	0	0	0	0	0	0	0	0	0	0
1	29	51148W	57	 	0	0	0	0	0	0	0	0	0	0	0	0	0
1	29	51149X	57	 	0	0	0	0	0	0	0	0	0	0	0	0	0
1	29	51150Y	57	 	0	0	0	0	0	0	0	0	0	0	0	0	0
1	29	51151Z	57	 	0	0	0	0	0	0	0	0	0	0	0	0	0
1	29	51152A	57	 	0	0	0	0	0	0	0	0	0	0	0	0	0
1	29	51153B	64	 	0	0	0	0	0	0	0	0	0	0	0	0	0
1	29	51154C	64	2	2	2	2	0	2	2	2	2	0	0	0	2	2
1	29	51155D	64	 	0	0	0	0	0	0	0	0	0	0	0	0	0
1	29	51156E	64	2	2	0	0	0	0	0	0	0	0	0	0	2	2
1	29	51158G	64	0	1	0	0	0	0	0	0	0	0	0	1	1	1
1	29	51159H	64	1	1	1	0	0	0	0	0	0	0	1	1	0	1
1	29	51160J	64	1	0	0	0	0	0	0	0	0	0	0	0	1	0
1	29	51161K	64	 	0	0	0	0	0	0	0	0	0	0	0	0	0
1	29	51162L	64	0	0	0	1	0	1	1	1	1	0	0	0	1	1
1	29	51163M	64	2	2	2	2	0	0	0	0	0	0	0	2	2	2
1	29	51164N	64	1	1	0	0	1	0	0	0	0	0	0	0	0	1
1	29	51165P	64	0	0	0	0	0	0	0	0	0	0	0	0	0	0
1	29	51166Q	64	1	1	1	0	0	0	0	0	0	0	0	1	1	1
1	29	51167R	64	0	1	1	0	0	0	0	0	0	0	0	0	0	1
1	29	51168S	65	 	0	0	0	0	0	0	0	0	0	0	0	0	0
1	29	51169T	65	2	2	2	2	0	0	2	2	0	0	2	2	2	2
1	29	51170V	65	 	 	0	0	0	0	0	0	0	0	0	0	0	0
1	29	51171W	65	2	2	2	2	0	2	2	2	2	2	2	2	2	2
1	29	51172X	65	2	2	2	0	0	2	2	2	2	0	0	2	2	2
1	29	51173Y	65	2	2	2	2	2	2	2	2	2	2	2	2	2	2
1	29	51174Z	65	0	0	0	0	0	0	0	0	0	0	0	0	0	0
1	29	51175A	65	1	0	1	0	0	0	0	0	0	0	0	1	1	0
1	29	51176B	65	0	0	0	0	0	0	0	0	0	0	0	0	0	0
1	29	51177C	65	0	0	0	0	0	0	0	0	0	0	0	0	0	0
1	29	51178D	65	0	0	0	0	0	2	2	2	2	0	0	0	0	2
1	29	51179E	72	0	2	2	2	0	2	2	2	2	2	2	2	2	2
1	29	51181G	72	2	2	2	2	2	2	2	2	2	2	2	2	2	2
1	29	51182H	72	 	0	0	0	0	0	0	0	0	0	0	0	0	0
1	29	51183J	72	2	2	2	2	0	2	2	2	2	0	2	2	2	2
1	29	51184K	72	0	0	0	0	0	0	0	0	0	0	0	0	0	0
1	29	51185L	72	 	0	0	0	0	0	0	0	0	0	0	0	0	0
1	29	51186M	72	0	1	0	0	0	0	0	0	0	0	0	0	0	0
1	29	51187N	72	0	0	0	0	0	0	0	0	0	0	0	1	1	1
1	29	51188P	72	0	0	0	0	0	0	0	0	0	0	0	0	0	0
1	29	51189Q	72	 	0	0	0	0	0	0	0	0	0	0	0	0	0
1	29	51192T	73	0	1	0	0	0	0	0	0	0	0	0	0	1	0
1	29	51193V	73	0	0	0	0	0	1	1	1	0	0	0	0	0	0
1	29	51194W	73	 	0	0	0	0	0	0	0	0	0	0	0	0	0
1	29	51195X	73	 	0	0	0	0	0	0	0	0	0	0	0	0	0
1	29	51196Y	73	1	1	1	0	0	0	0	0	0	0	0	0	0	0
1	29	51197Z	73	 	0	0	0	0	0	0	0	0	0	0	0	0	0
1	29	51198A	73	0	0	0	0	0	0	0	0	0	0	0	0	0	0
1	29	51199B	73	1	1	0	0	0	0	0	0	0	0	0	0	1	1
1	29	51200C	73	1	1	1	1	0	0	0	0	0	0	0	1	1	1
1	29	51201D	73	0	1	0	0	0	0	0	0	0	0	0	0	1	0
1	29	51202E	73	0	1	1	0	0	0	0	0	0	0	0	1	0	0
1	29	51204G	80	 	0	0	0	0	0	0	0	0	0	0	0	0	0
1	29	51205H	80	 	0	0	0	0	0	0	0	0	0	0	0	0	0
1	29	51206J	80	0	1	0	0	0	0	0	0	0	0	0	0	0	0
1	29	51207K	80	1	1	0	0	0	0	0	0	0	0	0	1	1	1
1	29	51208L	80	 	0	0	0	0	0	0	0	0	0	0	0	0	0
1	29	51209M	80	 	0	0	0	0	0	0	0	0	0	0	0	0	0
1	29	51210N	80	 	0	0	0	0	0	0	0	0	0	0	0	0	0
1	29	51211P	80	1	1	1	0	0	0	0	0	0	0	1	1	1	1
1	29	51212Q	80	1	1	0	0	0	0	0	0	0	0	1	1	1	1
1	29	51213R	80	1	1	1	0	0	0	0	0	0	0	0	1	1	1
1	29	51214S	80	 	0	0	0	0	0	0	0	0	0	0	0	0	0
1	29	51215T	80	1	0	0	0	0	0	0	0	0	0	0	1	1	1
1	29	51216V	80	 	0	0	0	0	0	0	0	0	0	0	0	0	0
1	29	52217H	1	 	0	0	0	0	0	0	0	0	0	0	0	0	0
1	29	52218J	1	 	0	0	0	0	0	0	0	0	0	0	0	0	0
1	29	52219K	1	 	0	0	0	0	0	0	0	0	0	0	0	0	0
1	29	52220L	8	 	0	0	0	0	0	0	0	0	0	0	0	0	0
1	29	52221M	8	 	0	0	0	0	0	0	0	0	0	0	0	0	0
1	29	52222N	8	0	1	1	0	0	0	0	0	0	0	0	1	1	0
1	29	52223P	8	1	1	0	1	0	1	1	1	0	0	0	1	1	1
1	29	52224Q	8	 	0	0	0	0	0	0	0	0	0	0	0	0	0
1	29	52225R	9	1	1	0	0	0	0	0	0	0	0	0	1	1	1
1	29	52226S	9	 	0	0	0	0	0	0	0	0	0	0	0	0	0
1	29	52227T	17	 	0	0	0	0	0	0	0	0	0	0	0	0	0
1	29	52228V	17	 	0	0	0	0	0	0	0	0	0	0	0	0	0
1	29	52230X	24	 	0	0	0	0	0	0	0	0	0	0	0	0	0
1	29	52231Y	24	 	0	0	0	0	0	0	0	0	0	0	0	0	0
1	29	52232Z	32	1	1	1	0	0	0	0	1	0	1	0	1	1	1
1	29	52233A	32	2	2	2	2	0	0	0	0	0	0	2	2	2	2
1	29	52234B	32	0	0	1	0	0	0	0	0	0	0	0	0	1	0
1	29	52236D	32	 	0	0	0	0	0	0	0	0	0	0	0	0	0
1	29	52237E	33	 	0	0	0	0	0	0	0	0	0	0	0	0	0
1	29	52238F	33	 	0	0	0	0	0	0	0	0	0	0	0	0	0
1	29	52239G	40	 	0	0	0	0	0	0	0	0	0	0	0	0	0
1	29	52241J	40	 	0	0	0	0	0	0	0	0	0	0	0	0	0
1	29	52242K	48	 	0	0	0	0	0	0	0	0	0	0	0	0	0
1	29	52243L	48	 	0	0	0	0	0	0	0	0	0	0	0	0	0
1	29	52244M	64	 	0	0	0	0	0	0	0	0	0	0	0	0	0
1	29	52245N	65	1	1	1	1	1	1	1	0	1	1	1	1	1	1
1	29	52246P	72	 	0	0	0	0	0	0	0	0	0	0	0	0	0
1	29	52247Q	73	1	1	1	0	0	0	0	0	0	0	0	1	1	1
1	29	52248R	73	 	0	0	0	0	0	0	0	0	0	0	0	0	0
1	29	52249S	73	 	0	0	0	0	0	0	0	0	0	0	0	0	0
1	29	52250T	80	 	0	0	0	0	0	0	0	0	0	0	0	0	0
1	29	52251V	80	0	1	0	0	0	0	0	0	0	0	0	0	1	1
1	29	52253X	25	 	 	0	0	0	0	0	0	0	0	0	0	0	0
1	29	52254Y	73	 	 	0	0	0	0	0	0	0	0	0	0	0	0
2	29	61001F	2	 	 	0	0	0	0	0	0	0	0	0	0	0	0
2	29	61002G	2	1	1	1	1	0	0	0	0	0	0	1	1	1	1
2	29	61003H	2	 	0	0	0	0	0	0	0	0	0	0	0	0	0
2	29	61005K	2	 	0	0	0	0	0	0	0	0	0	0	0	0	0
2	29	61006L	2	2	2	0	0	0	0	0	0	0	0	0	0	2	2
2	29	61007M	2	 	0	0	0	0	0	0	0	0	0	0	0	0	0
2	29	61008N	2	 	0	0	0	0	0	0	0	0	0	0	0	0	0
2	29	61009P	2	 	0	0	0	0	0	0	0	0	0	0	0	0	0
2	29	61010Q	2	 	0	0	0	0	0	0	0	0	0	0	0	0	0
2	29	61012S	2	 	0	0	0	0	0	0	0	0	0	0	0	0	0
2	29	61013T	7	 	0	0	0	0	0	0	0	0	0	0	0	0	0
2	29	61014V	7	 	0	0	0	0	0	0	0	0	0	0	0	0	0
2	29	61015W	7	 	 	0	0	0	0	0	0	0	0	0	0	0	0
2	29	61018Z	7	 	 	0	0	0	0	0	0	0	0	0	0	0	0
2	29	61019A	7	 	 	0	0	0	0	0	0	0	0	0	0	0	0
2	29	61020B	7	1	1	0	0	0	0	0	0	0	0	0	0	1	1
2	29	61021C	7	1	0	0	0	0	0	0	0	0	0	0	0	1	1
2	29	61022D	10	 	 	0	0	0	0	0	0	0	0	0	0	0	0
2	29	61023E	10	 	 	0	0	0	0	0	0	0	0	0	0	0	0
2	29	61025G	10	 	 	0	0	0	0	0	0	0	0	0	0	0	0
2	29	61026H	10	 	 	0	0	0	0	0	0	0	0	0	0	0	0
2	29	61027J	10	 	 	0	0	0	0	0	0	0	0	0	0	0	0
2	29	61028K	10	 	 	0	0	0	0	0	0	0	0	0	0	0	0
2	29	61029L	10	1	1	0	1	0	0	0	0	0	0	0	0	1	0
2	29	61030M	10	1	1	0	0	0	0	0	0	0	0	0	1	1	1
2	29	61031N	15	 	0	0	0	0	0	0	0	0	0	0	0	0	0
2	29	61032P	15	 	0	0	0	0	0	0	0	0	0	0	0	0	0
2	29	61033Q	15	 	0	0	0	0	0	0	0	0	0	0	0	0	0
2	29	61034R	15	 	0	0	0	0	0	0	0	0	0	0	0	0	0
2	29	61035S	15	2	2	2	2	2	0	0	0	0	0	2	2	2	2
2	29	61036T	15	1	1	1	0	0	0	0	0	0	0	0	1	1	0
2	29	61037V	15	 	0	0	0	0	0	0	0	0	0	0	0	0	0
2	29	61038W	15	 	0	0	0	0	0	0	0	0	0	0	0	0	0
2	29	61039X	15	2	2	2	2	2	2	2	2	2	2	2	2	2	2
2	29	61040Y	15	2	2	2	0	0	0	0	0	0	0	0	2	2	2
2	29	61041Z	18	 	0	0	0	0	0	0	0	0	0	0	0	0	0
2	29	61042A	18	 	0	0	0	0	0	0	0	0	0	0	0	0	0
2	29	61043B	18	 	0	0	0	0	0	0	0	0	0	0	0	0	0
2	29	61044C	18	 	0	0	0	0	0	0	0	0	0	0	0	0	0
2	29	61045D	18	 	0	0	0	0	0	0	0	0	0	0	0	0	0
2	29	61047F	18	2	2	2	2	0	0	2	0	2	0	0	2	2	2
2	29	61049H	18	0	1	0	0	0	0	0	0	0	0	0	1	1	1
2	29	61050J	18	 	0	0	0	0	0	0	0	0	0	0	0	0	0
2	29	61051K	18	 	0	0	0	0	0	0	0	0	0	0	0	0	0
2	29	61052L	18	1	2	2	0	0	2	2	0	0	0	0	2	2	2
2	29	61053M	23	 	0	0	0	0	0	0	0	0	0	0	0	0	0
2	29	61054N	23	 	0	0	0	0	0	0	0	0	0	0	0	0	0
2	29	61056Q	23	 	0	0	0	0	0	0	0	0	0	0	0	0	0
2	29	61057R	23	 	0	0	0	0	0	0	0	0	0	0	0	0	0
2	29	61058S	23	 	0	0	0	0	0	0	0	0	0	0	0	0	0
2	29	61059T	23	0	1	1	0	0	0	0	0	0	0	0	0	0	1
2	29	61061W	23	1	1	0	0	0	0	0	0	0	0	0	1	0	1
2	29	61063Y	26	 	0	0	0	0	0	0	0	0	0	0	0	0	0
2	29	61064Z	26	 	0	0	0	0	0	0	0	0	0	0	0	0	0
2	29	61067C	26	1	0	2	0	0	0	0	0	0	0	0	0	0	0
2	29	61068D	26	1	1	1	1	0	0	0	0	0	0	1	1	1	1
2	29	61069E	26	1	1	1	1	0	0	1	1	0	0	1	1	1	1
2	29	61070F	26	1	1	1	0	0	0	0	0	0	0	0	1	1	0
2	29	61071G	26	0	2	2	0	0	0	0	0	0	0	0	2	2	0
2	29	61072H	26	 	0	0	0	0	0	0	0	0	0	0	0	0	0
2	29	61073J	31	 	0	0	0	0	0	0	0	0	0	0	0	0	0
2	29	61074K	31	 	0	0	0	0	0	0	0	0	0	0	0	0	0
2	29	61076M	31	0	1	1	1	0	0	0	0	0	0	1	1	1	0
2	29	61077N	31	 	0	0	0	0	0	0	0	0	0	0	0	0	0
2	29	61078P	31	 	0	0	0	0	0	0	0	0	0	0	0	0	0
2	29	61080R	31	0	0	2	0	0	0	0	0	0	0	0	0	2	2
2	29	61081S	31	1	1	0	0	0	0	0	0	0	0	0	1	0	1
2	29	61083V	34	 	0	0	0	0	0	0	0	0	0	0	0	0	0
2	29	61084W	34	 	0	0	0	0	0	0	0	0	0	0	0	0	0
2	29	61085X	34	 	 	0	0	0	0	0	0	0	0	0	0	0	0
2	29	61086Y	34	1	1	0	0	0	0	0	0	0	0	0	0	0	1
2	29	61087Z	34	0	1	0	0	0	0	0	0	0	0	0	1	1	1
2	29	61088A	34	0	0	0	0	0	0	0	0	0	0	0	0	0	0
2	29	61089B	34	 	0	0	0	0	0	0	0	0	0	0	0	0	0
2	29	61090C	39	 	 	0	0	0	0	0	0	0	0	0	0	0	0
2	29	61091D	39	 	 	0	0	0	0	0	0	0	0	0	0	0	0
2	29	61092E	39	 	 	0	0	0	0	0	0	0	0	0	0	0	0
2	29	61094G	39	 	 	0	0	0	0	0	0	0	0	0	0	0	0
2	29	61095H	39	 	 	0	0	0	0	0	0	0	0	0	0	0	0
2	29	61096J	39	 	 	0	0	0	0	0	0	0	0	0	0	0	0
2	29	61098L	39	0	1	0	0	0	0	0	0	0	0	0	0	1	1
2	29	61101P	42	 	 	0	0	0	0	0	0	0	0	0	0	0	0
2	29	61102Q	42	1	1	1	1	1	1	0	0	0	1	1	0	1	1
2	29	61103R	42	1	1	1	1	1	0	1	1	0	1	1	1	1	1
2	29	61104S	42	0	0	1	0	0	0	0	0	0	0	1	1	1	0
2	29	61105T	42	 	0	0	0	0	0	0	0	0	0	0	0	0	0
2	29	61106V	47	 	0	0	0	0	0	0	0	0	0	0	0	0	0
2	29	61107W	47	 	 	0	0	0	0	0	0	0	0	0	0	0	0
2	29	61110Z	47	1	1	0	0	0	0	0	0	0	0	0	1	1	1
2	29	61112B	47	2	2	2	2	0	2	2	2	2	0	2	2	2	2
2	29	61113C	47	0	1	1	0	0	0	0	0	0	0	0	0	0	0
2	29	61114D	47	0	0	1	0	0	0	0	0	0	0	0	1	1	0
2	29	61115E	47	1	1	0	0	0	0	0	0	0	0	1	1	0	0
2	29	61116F	47	2	2	2	2	2	2	2	2	2	0	0	2	2	2
2	29	61117G	50	 	0	0	0	0	0	0	0	0	0	0	0	0	0
2	29	61118H	50	 	0	0	0	0	0	0	0	0	0	0	0	0	0
2	29	61119J	50	 	 	0	0	0	0	0	0	0	0	0	0	0	0
2	29	61120K	50	 	 	0	0	0	0	0	0	0	0	0	0	0	0
2	29	61121L	50	0	0	0	0	0	0	0	0	0	0	0	0	0	0
2	29	61122M	50	0	1	0	0	0	0	0	0	0	0	0	0	0	0
2	29	61123N	50	 	 	0	0	0	0	0	0	0	0	0	0	0	0
2	29	61125Q	55	1	1	0	0	0	0	0	0	0	0	0	0	1	1
2	29	61126R	55	1	1	1	1	0	0	0	0	0	0	1	1	1	1
2	29	61127S	55	2	2	2	2	2	2	2	0	0	0	0	2	2	2
2	29	61128T	55	2	2	2	2	0	0	0	0	1	0	2	2	2	2
2	29	61129V	55	 	 	0	0	0	0	0	0	0	0	0	0	0	0
2	29	61130W	55	1	1	0	0	0	0	0	0	0	0	0	0	1	1
2	29	61131X	55	 	 	0	0	0	0	0	0	0	0	0	0	0	0
2	29	61132Y	55	 	 	0	0	0	0	0	0	0	0	0	0	0	0
2	29	61133Z	55	2	2	2	2	0	2	2	2	2	2	2	2	2	2
2	29	61134A	55	0	0	0	0	0	0	0	0	0	0	1	0	1	0
2	29	61135B	55	 	 	0	0	0	0	0	0	0	0	0	0	0	0
2	29	61136C	55	0	1	1	0	0	0	0	0	0	0	1	0	1	0
2	29	61137D	55	1	1	1	0	0	0	0	0	0	0	0	1	1	1
2	29	61138E	58	 	0	0	0	0	0	0	0	0	0	0	0	0	0
2	29	61139F	58	 	0	0	0	0	0	0	0	0	0	0	0	0	0
2	29	61141H	58	 	0	0	0	0	0	0	0	0	0	0	0	0	0
2	29	61142J	58	2	2	2	0	0	0	2	2	0	0	0	2	2	2
2	29	61143K	58	0	1	1	0	0	0	0	0	0	0	0	0	0	0
2	29	61144L	58	0	2	2	2	0	0	2	2	2	0	2	2	2	0
2	29	61145M	58	 	 	0	0	0	0	0	0	0	0	0	0	0	0
2	29	61146N	63	 	0	0	0	0	0	0	0	0	0	0	0	0	0
2	29	61147P	63	 	0	0	0	0	0	0	0	0	0	0	0	0	0
2	29	61148Q	63	2	2	2	2	0	0	0	0	0	0	2	2	2	2
2	29	61149R	63	 	0	0	0	0	0	0	0	0	0	0	0	0	0
2	29	61150S	63	 	0	0	0	0	0	0	0	0	0	0	0	0	0
2	29	61151T	63	1	1	1	1	0	0	0	0	0	0	1	1	1	1
2	29	61152V	63	1	1	0	0	0	0	0	0	0	0	1	1	1	1
2	29	61153W	63	 	0	0	0	0	0	0	0	0	0	0	0	0	0
2	29	61154X	63	1	1	0	0	0	0	0	0	0	0	0	0	1	1
2	29	61155Y	63	0	0	0	0	0	0	0	0	0	0	0	0	0	0
2	29	61156Z	63	0	0	0	2	0	2	0	0	0	0	0	0	2	0
2	29	61157A	63	1	1	0	0	0	0	0	0	0	0	0	0	1	0
2	29	61158B	63	 	0	0	0	0	0	0	0	0	0	0	0	0	0
2	29	61159C	63	0	0	0	0	0	0	0	0	0	0	0	1	0	1
2	29	61160D	63	0	1	1	1	0	0	0	0	0	0	0	1	0	0
2	29	61161E	63	 	0	0	0	0	0	0	0	0	0	0	0	0	0
2	29	61162F	63	0	1	1	1	0	0	0	0	0	0	0	0	1	0
2	29	61163G	66	 	 	 	 	 	 	 	 	 	 	 	 	 	 
2	29	61165J	66	2	2	2	2	2	2	2	2	2	2	2	2	2	2
2	29	61166K	66	 	0	0	0	0	0	0	0	0	0	0	0	0	0
2	29	61169N	66	 	0	0	0	0	0	0	0	0	0	0	0	0	0
2	29	61170P	66	2	2	0	0	0	0	0	0	0	0	0	2	2	2
2	29	61171Q	71	2	2	2	0	0	0	2	2	0	0	0	2	2	2
2	29	61172R	71	 	0	0	0	0	0	0	0	0	0	0	0	0	0
2	29	61173S	71	 	0	0	0	0	0	0	0	0	0	0	0	0	0
2	29	61174T	71	 	0	0	0	0	0	0	0	0	0	0	0	0	0
2	29	61175V	71	 	0	0	0	0	0	0	0	0	0	0	0	0	0
2	29	61176W	71	2	2	2	2	2	2	2	2	2	2	0	2	2	2
2	29	61177X	71	 	0	0	0	0	0	0	0	0	0	0	0	0	0
2	29	61178Y	71	 	0	0	0	0	0	0	0	0	0	0	0	0	0
2	29	61179Z	71	0	0	0	0	0	0	0	0	0	0	0	0	1	1
2	29	61181B	71	1	1	1	0	0	0	0	0	0	0	0	1	1	1
2	29	61182C	71	1	1	0	0	0	0	0	0	0	0	0	0	0	0
2	29	61183D	71	0	0	0	0	0	0	0	0	0	0	2	0	0	0
2	29	61184E	71	0	1	1	0	0	0	0	0	0	0	0	0	1	1
2	29	61185F	71	0	0	0	0	0	0	0	0	0	0	0	0	0	0
2	29	61186G	71	0	2	2	2	2	2	2	2	0	0	2	2	2	2
2	29	61187H	71	1	1	1	0	0	0	0	0	0	0	0	1	1	1
2	29	61188J	74	1	1	2	2	0	0	0	0	0	0	0	2	2	1
2	29	61189K	74	1	1	1	0	0	0	0	0	0	0	0	1	1	1
2	29	61190L	74	0	1	1	0	0	0	0	0	0	0	0	1	1	1
2	29	61192N	74	1	1	0	0	0	0	0	0	0	0	0	0	1	1
2	29	61193P	74	 	 	0	0	0	0	0	0	0	0	0	0	0	0
2	29	61194Q	74	0	0	0	0	0	0	0	0	0	0	0	1	0	0
2	29	61195R	74	1	1	0	0	0	0	0	0	0	0	0	1	1	1
2	29	61196S	79	 	 	0	0	0	0	0	0	0	0	0	0	0	0
2	29	61197T	79	 	 	0	0	0	0	0	0	0	0	0	0	0	0
2	29	61198V	79	1	1	0	0	0	0	0	0	0	0	0	0	1	1
2	29	61199W	79	0	0	0	0	0	0	0	0	0	0	0	2	0	0
2	29	61200X	79	 	0	0	0	0	0	0	0	0	0	0	0	0	0
2	29	61201Y	79	 	 	0	0	0	0	0	0	0	0	0	0	0	0
2	29	62202L	7	 	 	0	0	0	0	0	0	0	0	0	0	0	0
2	29	62203M	7	 	0	0	0	0	0	0	0	0	0	0	0	0	0
2	29	62204N	10	 	0	0	0	0	0	0	0	0	0	0	0	0	0
2	29	62205P	15	 	0	0	0	0	0	0	0	0	0	0	0	0	0
2	29	62206Q	15	 	0	0	0	0	0	0	0	0	0	0	0	0	0
2	29	62207R	23	1	1	0	1	1	1	1	1	1	0	1	0	0	1
2	29	62208S	23	 	0	0	0	0	0	0	0	0	0	0	0	0	0
2	29	62209T	23	 	0	0	0	0	0	0	0	0	0	0	0	0	0
2	29	62210V	26	 	0	0	0	0	0	0	0	0	0	0	0	0	0
2	29	62211W	26	 	0	0	0	0	0	0	0	0	0	0	0	0	0
2	29	62212X	26	 	0	0	0	0	0	0	0	0	0	0	0	0	0
2	29	62213Y	26	 	0	0	0	0	0	0	0	0	0	0	0	0	0
2	29	62214Z	26	 	0	0	0	0	0	0	0	0	0	0	0	0	0
2	29	62215A	31	1	1	1	1	0	1	1	1	1	0	1	1	1	1
2	29	62216B	31	 	0	0	0	0	0	0	0	0	0	0	0	0	0
2	29	62217C	31	 	0	0	0	0	0	0	0	0	0	0	0	0	0
2	29	62218D	31	 	 	0	0	0	0	0	0	0	0	0	0	0	0
2	29	62219E	31	 	0	0	0	0	0	0	0	0	0	0	0	0	0
2	29	62220F	39	 	0	0	0	0	0	0	0	0	0	0	0	0	0
2	29	62221G	42	1	1	0	0	0	1	1	1	1	1	0	1	1	1
2	29	62222H	42	1	1	1	1	0	1	1	1	1	1	1	1	1	1
2	29	62223J	42	1	1	1	1	0	0	0	0	0	1	1	1	1	1
2	29	62224K	47	 	0	0	0	0	0	0	0	0	0	0	0	0	0
2	29	62225L	47	1	1	0	0	0	0	0	0	0	0	0	1	1	1
2	29	62226M	47	 	0	0	0	0	0	0	0	0	0	0	0	0	0
2	29	62227N	55	 	0	0	0	0	0	0	0	0	0	0	0	0	0
2	29	62228P	58	 	0	0	0	0	0	0	0	0	0	0	0	0	0
2	29	62229Q	58	 	0	0	0	0	0	0	0	0	0	0	0	0	0
2	29	62230R	74	 	0	0	0	0	0	0	0	0	0	0	0	0	0
2	29	62231S	74	1	1	0	0	0	0	0	0	0	0	0	0	0	1
2	29	62232T	79	1	1	1	0	0	0	0	0	0	0	0	0	1	1
2	29	62233V	2	 	0	0	0	0	0	0	0	0	0	0	0	0	0
2	29	62235X	18	 	0	0	0	0	0	0	0	0	0	0	0	0	0
2	29	62236Y	18	1	1	1	1	0	0	0	0	0	0	1	1	1	1
2	29	62237Z	50	 	0	0	0	0	0	0	0	0	0	0	0	0	0
2	29	62238A	50	 	0	0	0	0	0	0	0	0	0	0	0	0	0
2	29	62240C	58	 	0	0	0	0	0	0	0	0	0	0	0	0	0
2	29	62241D	58	 	0	0	0	0	0	0	0	0	0	0	0	0	0
2	29	62242E	74	 	0	0	0	0	0	0	0	0	0	0	0	0	0
2	29	62243F	39	 	0	0	0	0	0	0	0	0	0	0	0	0	0
2	29	62244G	39	0	1	0	0	0	0	0	0	0	0	0	0	1	1
2	29	62245H	50	 	0	0	0	0	0	0	0	0	0	0	0	0	0
2	29	62246J	50	 	0	0	0	0	0	0	0	0	0	0	0	0	0
2	29	62247K	50	 	0	0	0	0	0	0	0	0	0	0	0	0	0
2	29	62248L	79	 	0	0	0	0	0	0	0	0	0	0	0	0	0
2	29	62249M	79	2	2	2	2	0	2	2	2	2	2	2	2	2	2
2	29	62250N	18	1	1	1	0	0	0	0	0	0	0	0	1	1	1
2	29	62252Q	18	 	0	0	0	0	0	0	0	0	0	0	0	0	0
2	29	62253R	55	 	0	0	0	0	0	0	0	0	0	0	0	0	0
3	29	71001A	6	 	0	0	0	0	0	0	0	0	0	0	0	0	0
3	29	71002B	6	 	0	0	0	0	0	0	0	0	0	0	0	0	0
3	29	71003C	6	1	1	0	0	0	0	0	0	0	0	0	0	1	1
3	29	71004D	6	1	0	1	0	0	0	0	0	0	0	1	1	0	1
3	29	71005E	6	 	0	0	0	0	0	0	0	0	0	0	0	0	0
3	29	71006F	6	 	0	0	0	0	0	0	0	0	0	0	0	0	0
3	29	71007G	6	 	0	0	0	0	0	0	0	0	0	0	0	0	0
3	29	71008H	6	 	0	0	0	0	0	0	0	0	0	0	0	0	0
3	29	71009J	6	 	0	0	0	0	0	0	0	0	0	0	0	0	0
3	29	71010K	6	 	 	0	0	0	0	0	0	0	0	0	0	0	0
3	29	71011L	6	 	 	0	0	0	0	0	0	0	0	0	0	0	0
3	29	71013N	6	 	 	0	0	0	0	0	0	0	0	0	0	0	0
3	29	71014P	6	 	 	0	0	0	0	0	0	0	0	0	0	0	0
3	29	71016R	11	1	0	0	1	0	0	0	0	0	0	0	0	0	1
3	29	71017S	11	 	 	0	0	0	0	0	0	0	0	0	0	0	0
3	29	71018T	11	2	2	2	2	0	2	2	2	2	0	0	2	2	0
3	29	71019V	11	 	 	0	0	0	0	0	0	0	0	0	0	0	0
3	29	71020W	11	 	 	0	0	0	0	0	0	0	0	0	0	0	0
3	29	71022Y	11	2	2	2	2	2	0	0	2	0	0	2	2	2	2
3	29	71023Z	11	 	 	0	0	0	0	0	0	0	0	0	0	0	0
3	29	71024A	14	 	0	0	0	0	0	0	0	0	0	0	0	0	0
3	29	71026C	14	1	1	1	0	0	0	0	0	0	0	0	1	1	1
3	29	71027D	14	 	0	0	0	0	0	0	0	0	0	0	0	0	0
3	29	71028E	14	 	0	0	0	0	0	0	0	0	0	0	0	0	0
3	29	71029F	14	 	0	0	0	0	0	0	0	0	0	0	0	0	0
3	29	71030G	14	 	0	0	0	0	0	0	0	0	0	0	0	0	0
3	29	71031H	14	2	2	2	2	0	0	2	0	0	0	2	2	2	2
3	29	71032J	14	2	2	0	2	0	0	0	0	0	0	0	0	2	0
3	29	71033K	14	2	2	2	0	0	0	0	0	0	0	0	2	2	2
3	29	71034L	14	 	 	0	0	0	0	0	0	0	0	0	0	0	0
3	29	71035M	19	2	2	2	0	0	0	0	0	0	0	0	0	2	2
3	29	71036N	19	 	 	0	0	0	0	0	0	0	0	0	0	0	0
3	29	71037P	19	2	2	2	2	0	2	2	2	2	2	0	2	2	2
3	29	71038Q	19	 	 	0	0	0	0	0	0	0	0	0	0	0	0
3	29	71039R	19	0	0	0	0	0	0	0	0	0	0	0	0	1	0
3	29	71041T	27	 	 	0	0	0	0	0	0	0	0	0	0	0	0
3	29	71042V	27	 	0	0	0	0	0	0	0	0	0	0	0	0	0
3	29	71043W	27	 	 	0	0	0	0	0	0	0	0	0	0	0	0
3	29	71044X	27	 	0	0	0	0	0	0	0	0	0	0	0	0	0
3	29	71045Y	27	 	0	0	0	0	0	0	0	0	0	0	0	0	0
3	29	71046Z	27	0	1	0	0	0	0	0	0	0	0	0	1	1	1
3	29	71047A	27	0	1	1	1	0	0	0	0	0	0	1	1	1	0
3	29	71048B	27	 	 	0	0	0	0	0	0	0	0	0	0	0	0
3	29	71049C	27	1	1	1	0	0	0	0	0	0	0	1	1	1	1
3	29	71050D	27	1	1	1	0	0	0	0	0	0	0	0	1	1	1
3	29	71052F	30	 	0	0	0	0	0	0	0	0	0	0	0	0	0
3	29	71053G	30	 	0	0	0	0	0	0	0	0	0	0	0	0	0
3	29	71054H	30	 	0	0	0	0	0	0	0	0	0	0	0	0	0
3	29	71056K	30	 	0	0	0	0	0	0	0	0	0	0	0	0	0
3	29	71057L	30	 	0	0	0	0	0	0	0	0	0	0	0	0	0
3	29	71058M	30	 	0	0	0	0	0	0	0	0	0	0	0	0	0
3	29	71059N	30	 	0	0	0	0	0	0	0	0	0	0	0	0	0
3	29	71060P	30	 	0	0	0	0	0	0	0	0	0	0	0	0	0
3	29	71061Q	30	1	1	1	0	0	0	0	0	0	0	0	0	1	1
3	29	71062R	30	2	2	2	0	0	2	2	2	2	0	0	0	2	2
3	29	71063S	30	 	0	0	0	0	0	0	0	0	0	0	0	0	0
3	29	71064T	35	0	2	0	0	0	2	2	2	0	0	0	2	2	2
3	29	71065V	35	 	0	0	0	0	0	0	0	0	0	0	0	0	0
3	29	71066W	35	 	0	0	0	0	0	0	0	0	0	0	0	0	0
3	29	71067X	35	1	0	0	1	0	0	0	0	0	0	0	0	0	0
3	29	71068Y	35	 	0	0	0	0	0	0	0	0	0	0	0	0	0
3	29	71069Z	35	 	0	0	0	0	0	0	0	0	0	0	0	0	0
3	29	71071B	35	2	2	2	2	0	0	0	0	0	0	2	2	2	2
3	29	71072C	38	1	1	0	0	0	0	0	0	0	0	0	1	0	0
3	29	71073D	38	 	0	0	0	0	0	0	0	0	0	0	0	0	0
3	29	71074E	38	1	1	1	0	0	0	0	1	0	0	0	0	1	1
3	29	71075F	38	 	0	0	0	0	0	0	0	0	0	0	0	0	0
3	29	71077H	38	 	0	0	0	0	0	0	0	0	0	0	0	0	0
3	29	71078J	38	 	0	0	0	0	0	0	0	0	0	0	0	0	0
3	29	71079K	38	 	0	0	0	0	0	0	0	0	0	0	0	0	0
3	29	71080L	38	 	0	0	0	0	0	0	0	0	0	0	0	0	0
3	29	71081M	38	2	2	0	0	0	0	0	0	0	0	0	0	1	1
3	29	71083P	43	 	0	0	0	0	0	0	0	0	0	0	0	0	0
3	29	71084Q	43	1	1	1	0	0	0	0	0	0	0	1	0	1	0
3	29	71085R	43	 	0	0	0	0	0	0	0	0	0	0	0	0	0
3	29	71086S	43	0	0	0	0	0	0	0	0	0	0	0	0	0	1
3	29	71087T	43	 	0	0	0	0	0	0	0	0	0	0	0	0	0
3	29	71088V	43	 	0	0	0	0	0	0	0	0	0	0	0	0	0
3	29	71089W	43	1	1	0	0	0	0	0	0	0	0	0	0	1	1
3	29	71090X	43	1	1	1	0	0	0	0	0	0	0	0	1	1	1
3	29	71091Y	43	0	0	0	0	0	0	0	0	0	0	0	1	1	0
3	29	71092Z	43	 	0	0	0	0	0	0	0	0	0	0	0	0	0
3	29	71093A	43	1	0	0	1	0	0	0	0	0	0	0	0	1	0
3	29	71094B	43	 	0	0	0	0	0	0	0	0	0	0	0	0	0
3	29	71095C	46	 	0	0	0	0	0	0	0	0	0	0	0	0	0
3	29	71097E	46	1	1	1	0	0	0	0	0	0	0	0	0	1	1
3	29	71099G	46	 	0	0	0	0	0	0	0	0	0	0	0	0	0
3	29	71100H	46	 	0	0	0	0	0	0	0	0	0	0	0	0	0
3	29	71101J	46	1	1	1	0	0	0	0	0	0	0	0	1	1	1
3	29	71102K	46	2	2	0	0	0	0	0	0	0	0	0	0	2	2
3	29	71103L	46	0	1	0	0	0	0	0	0	0	0	0	1	1	1
3	29	71104M	46	0	1	1	1	0	0	0	0	0	0	0	1	1	1
3	29	71105N	46	0	0	1	0	0	0	0	0	0	0	0	0	1	1
3	29	71107Q	46	0	1	0	0	0	0	0	0	0	0	0	0	0	0
3	29	71108R	51	 	0	0	0	0	0	0	0	0	0	0	0	0	0
3	29	71109S	51	 	0	0	0	0	0	0	0	0	0	0	0	0	0
3	29	71112W	51	2	2	0	0	0	0	2	2	0	0	2	2	2	2
3	29	71113X	51	 	0	0	0	0	0	0	0	0	0	0	0	0	0
3	29	71114Y	51	 	0	0	0	0	0	0	0	0	0	0	0	0	0
3	29	71116A	51	1	1	1	1	0	1	1	1	1	1	0	1	1	1
3	29	71118C	54	 	0	0	0	0	0	0	0	0	0	0	0	0	0
3	29	71119D	54	 	0	0	0	0	0	0	0	0	0	0	0	0	0
3	29	71120E	54	 	0	0	0	0	0	0	0	0	0	0	0	0	0
3	29	71121F	54	2	2	0	0	0	2	2	2	2	0	0	2	2	2
3	29	71122G	54	1	1	1	0	0	0	0	0	0	0	0	1	0	1
3	29	71123H	54	1	1	0	0	0	2	2	2	2	2	0	0	0	0
3	29	71124J	54	 	0	0	0	0	0	0	0	0	0	0	0	0	0
3	29	71125K	54	0	0	0	0	0	0	0	0	0	0	0	0	1	0
3	29	71126L	54	1	1	1	1	0	0	0	0	0	0	0	1	1	1
3	29	71127M	54	2	2	2	2	0	0	0	0	0	0	0	0	2	2
3	29	71128N	54	 	0	0	0	0	0	0	0	0	0	0	0	0	0
3	29	71129P	54	 	0	0	0	0	0	0	0	0	0	0	0	0	0
3	29	71130Q	59	 	0	0	0	0	0	0	0	0	0	0	0	0	0
3	29	71131R	62	 	0	0	0	0	0	0	0	0	0	0	0	0	0
3	29	71132S	62	0	1	0	0	0	0	0	0	0	0	1	0	0	0
3	29	71133T	62	0	2	0	0	0	0	0	0	2	0	0	2	2	0
3	29	71134V	62	0	0	0	0	0	0	0	0	0	0	0	0	0	0
3	29	71135W	62	2	1	0	1	2	2	2	2	1	0	0	2	2	2
3	29	71136X	62	0	1	0	0	0	0	0	0	0	0	0	1	0	0
3	29	71137Y	62	0	1	0	0	0	0	0	0	0	0	0	1	1	1
3	29	71138Z	62	 	0	0	0	0	0	0	0	0	0	0	0	0	0
3	29	71139A	62	 	0	0	0	0	0	0	0	0	0	0	0	0	0
3	29	71140B	62	 	0	0	0	0	0	0	0	0	0	0	0	0	0
3	29	71141C	67	1	1	0	0	0	0	0	0	0	0	0	0	0	0
3	29	71142D	67	2	2	1	0	0	0	0	0	0	0	0	0	2	2
3	29	71143E	67	0	0	1	0	0	0	0	0	0	0	0	0	1	0
3	29	71144F	67	2	2	2	2	2	2	2	2	2	0	2	2	2	2
3	29	71145G	67	1	0	0	0	0	0	0	0	0	0	0	0	1	1
3	29	71146H	70	1	1	1	1	1	0	1	1	0	0	0	1	1	1
3	29	71147J	70	1	1	1	1	0	1	1	1	1	0	0	0	0	0
3	29	71148K	70	 	0	0	0	0	0	0	0	0	0	0	0	0	0
3	29	71149L	70	 	0	0	0	0	0	0	0	0	0	0	0	0	0
3	29	71151N	70	1	1	0	0	0	0	0	0	0	0	1	1	0	1
3	29	71152P	70	2	2	0	0	0	0	0	0	2	0	0	0	2	2
3	29	71153Q	70	 	0	0	0	0	0	0	0	0	0	0	0	0	0
3	29	71154R	70	1	1	0	0	0	0	0	0	0	0	0	0	1	1
3	29	71155S	70	1	1	1	1	0	0	0	0	0	0	1	0	1	1
3	29	71156T	70	 	0	0	0	0	0	0	0	0	0	0	0	0	0
3	29	71157V	75	 	0	0	0	0	0	0	0	0	0	0	0	0	0
3	29	71158W	75	 	0	0	0	0	0	0	0	0	0	0	0	0	0
3	29	71159X	75	 	 	0	0	0	0	0	0	0	0	0	0	0	0
3	29	71160Y	75	0	1	0	0	0	0	0	0	0	0	0	0	1	1
3	29	71161Z	75	1	0	0	0	0	0	0	0	0	0	0	0	0	0
3	29	71162A	75	 	0	0	0	0	0	0	0	0	0	0	0	0	0
3	29	71163B	75	1	0	2	2	0	0	2	2	2	0	0	2	1	1
3	29	71164C	75	2	2	0	0	0	2	2	2	2	2	2	2	2	2
3	29	71165D	75	 	0	0	0	0	0	0	0	0	0	0	0	0	0
3	29	71166E	75	 	0	0	0	0	0	0	0	0	0	0	0	0	0
3	29	71167F	78	0	1	1	0	0	0	0	0	0	0	0	0	0	1
3	29	71168G	78	 	0	0	0	0	0	0	0	0	0	0	0	0	0
3	29	71169H	78	0	0	1	0	0	0	0	0	0	0	0	0	0	0
3	29	71170J	78	1	1	1	0	0	0	0	0	0	0	0	0	0	0
3	29	71171K	78	0	0	1	0	0	0	0	0	0	0	0	0	0	1
3	29	71172L	3	 	0	0	0	0	0	0	0	0	0	0	0	0	0
3	29	71173M	3	 	0	0	0	0	0	0	0	0	0	0	0	0	0
3	29	71174N	3	 	0	0	0	0	0	0	0	0	0	0	0	0	0
3	29	71175P	3	1	1	1	0	0	0	0	0	0	0	0	0	1	1
3	29	71176Q	3	1	0	0	0	0	0	0	0	0	0	1	0	0	1
3	29	71178S	3	 	0	0	0	0	0	0	0	0	0	0	0	0	0
3	29	71179T	3	 	0	0	0	0	0	0	0	0	0	0	0	0	0
3	29	71235E	22	 	0	0	0	0	0	0	0	0	0	0	0	0	0
3	29	71236F	22	 	0	0	0	0	0	0	0	0	0	0	0	0	0
3	29	71237G	22	 	0	0	0	0	0	0	0	0	0	0	0	0	0
3	29	71238H	22	1	1	1	1	0	1	1	-	-	-	-	-	-	-
3	29	71239J	22	0	1	0	0	0	0	0	0	0	0	0	0	1	1
3	29	71240K	22	 	 	0	0	0	0	0	0	0	0	0	0	0	0
3	29	71241L	22	1	1	1	0	0	0	0	0	0	0	1	0	0	1
3	29	71242M	22	 	0	0	0	0	0	0	0	0	0	0	0	0	0
3	29	71243N	59	 	0	0	0	0	0	0	0	0	0	0	0	0	0
3	29	71244P	59	1	0	2	0	0	0	0	0	0	0	0	2	2	2
3	29	71245Q	19	2	2	2	2	1	0	0	0	0	0	2	2	2	2
3	29	71246R	67	1	0	0	0	0	0	0	0	0	0	0	1	0	0
3	29	71247S	67	0	0	0	0	0	0	0	0	0	0	0	0	0	0
3	29	71249V	19	2	2	2	2	2	2	2	2	2	2	2	2	2	2
3	29	71250W	22	 	0	0	0	0	0	0	0	0	0	0	0	0	0
3	29	71251X	22	 	0	0	0	0	0	0	0	0	0	0	0	0	0
3	29	71252Y	67	1	1	1	0	0	0	0	0	0	0	0	0	0	0
3	29	71253Z	67	2	2	2	2	0	0	0	0	0	0	2	2	2	1
3	29	71254A	67	1	1	0	0	0	1	1	1	0	0	0	1	1	1
3	29	71255B	67	1	1	1	1	0	1	1	1	1	0	1	1	1	1
3	29	71268Q	27	 	0	0	0	0	0	0	0	0	0	0	0	0	0
3	29	71269R	27	 	0	0	0	0	0	0	0	0	0	0	0	0	0
3	29	71270S	38	 	0	0	0	0	0	0	0	0	0	0	0	0	0
3	29	72180G	3	 	0	0	0	0	0	0	0	0	0	0	0	0	0
3	29	72181H	3	 	0	0	0	0	0	0	0	0	0	0	0	0	0
3	29	72182J	3	 	0	0	0	0	0	0	0	0	0	0	0	0	0
3	29	72183K	3	 	0	0	0	0	0	0	0	0	0	0	0	0	0
3	29	72184L	3	0	1	0	0	0	0	0	0	0	1	1	0	1	1
3	29	72185M	6	 	0	0	0	0	0	0	0	0	0	0	0	0	0
3	29	72186N	6	 	0	0	0	0	0	0	0	0	0	0	0	0	0
3	29	72187P	11	1	1	1	1	1	0	0	0	0	1	0	1	1	1
3	29	72188Q	11	2	2	2	0	0	2	2	2	2	0	0	2	2	2
3	29	72189R	11	 	0	0	0	0	0	0	0	0	0	0	0	0	0
3	29	72190S	11	 	0	0	0	0	0	0	0	0	0	0	0	0	0
3	29	72191T	14	 	0	0	0	0	0	0	0	0	0	0	0	0	0
3	29	72192V	14	 	0	0	0	0	0	0	0	0	0	0	0	0	0
3	29	72193W	14	 	0	0	0	0	0	0	0	0	0	0	0	0	0
3	29	72194X	22	1	1	1	1	0	1	1	1	1	1	1	1	1	1
3	29	72195Y	22	1	1	1	0	0	0	0	0	0	0	0	0	1	1
3	29	72196Z	22	 	 	0	0	0	0	0	0	0	0	0	0	0	0
3	29	72197A	22	1	1	1	0	1	0	0	0	0	0	0	1	1	1
3	29	72198B	22	 	0	0	0	0	0	0	0	0	0	0	0	0	0
3	29	72199C	27	 	0	0	0	0	0	0	0	0	0	0	0	0	0
3	29	72200D	27	 	0	0	0	0	0	0	0	0	0	0	0	0	0
3	29	72201E	30	 	0	0	0	0	0	0	0	0	0	0	0	0	0
3	29	72202F	35	 	0	0	0	0	0	0	0	0	0	0	0	0	0
3	29	72203G	35	 	0	0	0	0	0	0	0	0	0	0	0	0	0
3	29	72204H	35	 	0	0	0	0	0	0	0	0	0	0	0	0	0
3	29	72205J	38	 	0	0	0	0	0	0	0	0	0	0	0	0	0
3	29	72206K	46	 	0	0	0	0	0	0	0	0	0	0	0	0	0
3	29	72207L	46	1	1	1	0	0	0	0	0	0	0	0	1	1	1
3	29	72208M	46	2	2	2	2	0	0	0	0	0	0	2	2	2	2
3	29	72209N	54	 	0	0	0	0	0	0	0	0	0	0	0	0	0
3	29	72210P	54	 	0	0	0	0	0	0	0	0	0	0	0	0	0
3	29	72211Q	59	 	0	0	0	0	0	0	0	0	0	0	0	0	0
3	29	72212R	59	 	0	0	0	0	0	0	0	0	0	0	0	0	0
3	29	72213S	62	 	0	0	0	0	0	0	0	0	0	0	0	0	0
3	29	72214T	62	1	1	1	0	0	0	1	1	1	0	0	1	1	1
3	29	72215V	75	 	0	0	0	0	0	0	0	0	0	0	0	0	0
3	29	72217X	75	2	2	2	2	2	2	2	2	2	2	0	0	0	1
3	29	72220A	78	 	0	0	0	0	0	0	0	0	0	0	0	0	0
3	29	72221B	30	 	0	0	0	0	0	0	0	0	0	0	0	0	0
3	29	72222C	30	1	0	0	0	0	0	0	0	0	0	0	0	1	1
3	29	72223D	30	 	0	0	0	0	0	0	0	0	0	0	0	0	0
3	29	72224E	35	1	1	1	1	0	0	0	0	0	0	1	0	0	1
3	29	72225F	35	 	0	0	0	0	0	0	0	0	0	0	0	0	0
3	29	72226G	35	1	1	1	1	0	0	0	0	1	1	1	1	1	1
3	29	72227H	43	1	1	1	1	0	0	0	1	1	1	1	1	1	0
3	29	72228J	51	 	0	0	0	0	0	0	0	0	0	0	0	0	0
3	29	72229K	51	 	0	0	0	0	0	0	0	0	0	0	0	0	0
3	29	72230L	51	 	0	0	0	0	0	0	0	0	0	0	0	0	0
3	29	72231M	43	 	0	0	0	0	0	0	0	0	0	0	0	0	0
3	29	72232N	43	 	0	0	0	0	0	0	0	0	0	0	0	0	0
3	29	72233P	59	 	0	0	0	0	0	0	0	0	0	0	0	0	0
3	29	72234Q	75	 	0	0	0	0	0	0	0	0	0	0	0	0	0
3	29	72260T	38	1	0	1	0	0	0	0	0	0	0	1	0	0	1
3	29	72262W	67	 	0	0	0	0	0	0	0	0	0	0	0	0	0
3	29	72263X	67	 	0	0	0	0	0	0	0	0	0	0	0	0	0
3	29	72264Y	70	 	0	0	0	0	0	0	0	0	0	0	0	0	0
3	29	72265Z	70	1	1	1	0	0	0	0	0	0	0	1	1	1	1
3	29	72266A	70	2	2	2	2	0	0	2	2	0	0	0	2	2	2
3	29	72274J	35	 	0	0	0	0	0	0	0	0	0	0	0	0	0
3	29	72275K	35	 	0	0	0	0	0	0	0	0	0	0	0	0	0
3	29	72276L	38	1	1	0	0	0	0	0	0	0	0	0	0	0	1
4	29	71257D	3	1	1	1	0	0	0	0	0	0	0	0	0	1	1
4	29	71258E	3	 	0	0	0	0	0	0	0	0	0	0	0	0	0
4	29	71259F	3	 	0	0	0	0	0	0	0	0	0	0	0	0	0
4	29	71272V	62	0	0	0	0	0	0	0	0	0	0	0	1	0	0
4	29	81001V	4	 	 	0	0	0	0	0	0	0	0	0	0	0	0
4	29	81002W	4	 	0	0	0	0	0	0	0	0	0	0	0	0	0
4	29	81003X	4	0	1	1	0	0	0	0	0	0	0	0	0	1	1
4	29	81004Y	4	 	0	0	0	0	0	0	0	0	0	0	0	0	0
4	29	81005Z	4	 	0	0	0	0	0	0	0	0	0	0	0	0	0
4	29	81006A	4	0	0	0	0	0	1	0	0	0	0	1	1	1	1
4	29	81007B	4	0	1	0	0	0	0	0	0	0	0	0	0	0	1
4	29	81008C	4	 	0	0	0	0	0	0	0	0	0	0	0	0	0
4	29	81009D	4	 	0	0	0	0	0	0	0	0	0	0	0	0	0
4	29	81012G	5	 	0	0	0	0	0	0	0	0	0	0	0	0	0
4	29	81014J	5	 	0	0	0	0	0	0	0	0	0	0	0	0	0
4	29	81015K	5	 	0	0	0	0	0	0	0	0	0	0	0	0	0
4	29	81016L	5	2	2	2	2	2	0	0	0	0	2	0	2	2	2
4	29	81017M	5	0	0	0	0	0	0	0	0	0	0	0	0	1	1
4	29	81018N	5	1	1	0	0	0	0	0	0	0	0	0	1	0	0
4	29	81020Q	12	 	 	0	0	0	0	0	0	0	0	0	0	0	0
4	29	81021R	12	1	1	1	0	0	0	0	0	0	0	0	1	1	1
4	29	81022S	12	 	 	0	0	0	0	0	0	0	0	0	0	0	0
4	29	81023T	12	0	1	0	0	0	0	0	0	0	0	0	0	1	1
4	29	81024V	12	 	0	0	0	0	0	0	0	0	0	0	0	0	0
4	29	81025W	12	 	0	0	0	0	0	0	0	0	0	0	0	0	0
4	29	81026X	12	2	2	2	0	0	2	2	2	2	0	0	2	0	2
4	29	81027Y	12	1	1	0	0	0	0	0	0	0	0	1	1	1	1
4	29	81028Z	12	1	0	0	0	0	0	0	0	0	0	0	0	0	0
4	29	81029A	12	1	1	1	1	0	0	0	0	0	0	1	1	1	1
4	29	81030B	12	 	0	0	0	0	0	0	0	0	0	0	0	0	0
4	29	81032D	13	 	0	0	0	0	0	0	0	0	0	0	0	0	0
4	29	81033E	13	 	0	0	0	0	0	0	0	0	0	0	0	0	0
4	29	81034F	13	 	0	0	0	0	0	0	0	0	0	0	0	0	0
4	29	81037J	13	 	0	0	0	0	0	0	0	0	0	0	0	0	0
4	29	81038K	13	 	0	0	0	0	0	0	0	0	0	0	0	0	0
4	29	81039L	13	1	1	1	1	1	0	0	0	0	0	1	1	1	0
4	29	81041N	13	1	1	0	0	0	0	0	0	0	0	0	1	1	1
4	29	81042P	20	1	1	1	0	0	0	0	0	0	0	0	1	1	1
4	29	81043Q	20	1	1	0	1	0	0	0	0	0	0	0	1	0	1
4	29	81044R	20	0	1	1	0	0	0	0	0	0	0	0	1	1	0
4	29	81045S	20	 	0	0	0	0	0	0	0	0	0	0	0	0	0
4	29	81046T	20	 	0	0	0	0	0	0	0	0	0	0	0	0	0
4	29	81047V	21	 	0	0	0	0	0	0	0	0	0	0	0	0	0
4	29	81048W	21	 	0	0	0	0	0	0	0	0	0	0	0	0	0
4	29	81049X	21	 	0	0	0	0	0	0	0	0	0	0	0	0	0
4	29	81050Y	21	1	1	1	1	0	0	0	0	0	0	0	1	1	1
4	29	81051Z	21	 	0	0	0	0	0	0	0	0	0	0	0	0	0
4	29	81055D	21	0	1	0	0	0	0	0	0	0	0	0	0	0	1
4	29	81056E	21	2	2	2	2	2	0	2	0	0	0	2	2	2	2
4	29	81057F	21	0	0	1	0	0	0	0	0	0	0	1	0	1	0
4	29	81058G	21	0	0	0	1	0	0	0	0	0	0	1	0	0	0
4	29	81059H	21	 	0	0	0	0	0	0	0	0	0	0	0	0	0
4	29	81060J	21	1	1	0	1	0	0	0	0	0	0	0	0	1	1
4	29	81061K	21	1	1	0	0	0	0	0	0	0	0	0	0	1	1
4	29	81062L	21	2	2	2	0	0	0	0	0	0	0	2	2	2	2
4	29	81063M	21	 	0	0	0	0	0	0	0	0	0	0	0	0	0
4	29	81065P	28	0	1	1	0	0	0	0	0	0	0	0	1	1	0
4	29	81066Q	28	2	2	2	0	0	0	2	2	0	0	0	0	0	0
4	29	81067R	28	0	0	0	0	0	0	0	0	0	0	0	0	1	1
4	29	81068S	28	 	0	0	0	0	0	0	0	0	0	0	0	0	0
4	29	81069T	28	1	1	1	0	0	0	0	0	0	0	0	0	1	0
4	29	81070V	28	1	1	0	1	0	0	0	0	0	0	0	0	1	1
4	29	81071W	28	 	 	0	0	0	0	0	0	0	0	0	0	0	0
4	29	81072X	29	 	 	0	0	0	0	0	0	0	0	0	0	0	0
4	29	81073Y	29	1	1	1	0	0	0	0	0	0	0	0	0	0	0
4	29	81074Z	29	2	2	2	0	0	2	2	2	2	0	2	2	2	2
4	29	81075A	29	 	 	0	0	0	0	0	0	0	0	0	0	0	0
4	29	81076B	29	0	1	0	0	0	0	0	0	0	0	0	1	0	0
4	29	81077C	29	 	 	0	0	0	0	0	0	0	0	0	0	0	0
4	29	81078D	29	 	 	0	0	0	0	0	0	0	0	0	0	0	0
4	29	81079E	36	2	2	2	2	0	0	2	0	0	0	2	2	2	2
4	29	81080F	36	 	0	0	0	0	0	0	0	0	0	0	0	0	0
4	29	81081G	36	1	1	0	0	0	0	0	0	0	0	0	0	0	1
4	29	81083J	36	1	0	0	0	0	0	0	0	0	0	0	1	0	0
4	29	81084K	36	 	0	0	0	0	0	0	0	0	0	0	0	0	0
4	29	81085L	36	 	0	0	0	0	0	0	0	0	0	0	0	0	0
4	29	81086M	36	0	0	0	0	0	0	0	0	0	0	0	0	0	1
4	29	81087N	36	2	2	2	2	0	0	0	0	0	0	0	2	2	2
4	29	81088P	36	0	0	0	0	0	0	0	0	0	0	0	0	0	0
4	29	81089Q	36	 	0	0	0	0	0	0	0	0	0	0	0	0	0
4	29	81090R	36	0	0	0	0	0	0	0	0	0	0	0	0	0	0
4	29	81091S	37	 	0	0	0	0	0	0	0	0	0	0	0	0	0
4	29	81092T	37	 	0	0	0	0	0	0	0	0	0	0	0	0	0
4	29	81093V	37	1	1	1	0	1	1	1	1	1	0	1	1	1	1
4	29	81094W	37	2	2	2	2	2	2	2	2	2	0	2	2	2	2
4	29	81095X	37	1	1	0	0	0	0	0	0	0	0	0	0	1	0
4	29	81096Y	37	2	2	2	2	0	2	2	2	2	0	2	2	2	2
4	29	81097Z	37	2	0	2	2	2	2	0	0	0	0	0	0	2	2
4	29	81098A	37	0	0	0	0	0	0	0	0	0	0	0	0	1	0
4	29	81100C	44	0	0	0	0	0	0	0	0	0	0	0	1	1	0
4	29	81101D	44	1	1	1	1	0	0	0	0	0	0	0	0	1	0
4	29	81102E	44	0	0	0	0	0	1	1	1	0	0	0	0	1	1
4	29	81103F	44	 	0	0	0	0	0	0	0	0	0	0	0	0	0
4	29	81104G	44	2	2	2	0	0	2	0	0	2	2	0	2	2	2
4	29	81105H	44	 	0	0	0	0	0	0	0	0	0	0	0	0	0
4	29	81106J	44	2	2	1	0	0	0	2	2	2	2	0	1	2	2
4	29	81107K	44	0	1	0	0	0	0	0	0	0	0	0	0	1	1
4	29	81108L	44	0	0	0	1	0	0	0	0	0	0	0	0	0	0
4	29	81109M	44	0	1	0	0	0	0	0	0	0	0	0	1	1	0
4	29	81110N	44	1	1	1	0	0	0	0	0	0	0	0	1	1	1
4	29	81111P	44	1	1	1	0	0	0	0	0	0	0	0	1	1	1
4	29	81112Q	44	 	0	0	0	0	0	0	0	0	0	0	0	0	0
4	29	81113R	45	1	1	1	0	0	0	0	0	0	1	0	1	1	1
4	29	81114S	45	0	1	0	0	0	0	0	0	0	0	0	1	1	1
4	29	81115T	45	 	0	0	0	0	0	0	0	0	0	0	0	0	0
4	29	81116V	45	 	0	0	0	0	0	0	0	0	0	0	0	0	0
4	29	81118X	45	2	2	2	2	0	0	0	0	0	2	2	2	2	2
4	29	81119Y	45	1	1	0	0	1	1	1	1	1	1	1	0	0	1
4	29	81120Z	45	2	2	2	0	0	0	0	0	0	0	0	2	2	2
4	29	81121A	45	 	0	0	0	0	0	0	0	0	0	0	0	0	0
4	29	81122B	45	 	0	0	0	0	0	0	0	0	0	0	0	0	0
4	29	81123C	45	0	1	0	0	0	0	0	0	0	0	0	0	1	1
4	29	81124D	45	0	2	2	2	0	0	0	0	0	0	2	2	2	2
4	29	81125E	45	 	0	0	0	0	0	0	0	0	0	0	0	0	0
4	29	81126F	45	 	0	0	0	0	0	0	0	0	0	0	0	0	0
4	29	81127G	45	2	2	2	0	0	2	2	2	2	0	2	2	2	2
4	29	81128H	45	 	0	0	0	0	0	0	0	0	0	0	0	0	0
4	29	81129J	45	 	 	 	0	0	0	0	0	0	0	0	0	0	0
4	29	81130K	45	0	1	0	0	0	0	0	0	0	0	0	1	0	0
4	29	81131L	52	2	2	0	0	0	2	2	2	2	0	0	2	0	0
4	29	81133N	52	2	2	2	2	0	0	0	0	0	0	2	2	2	2
4	29	81134P	52	0	1	0	0	0	0	0	0	0	0	0	0	0	1
4	29	81135Q	52	1	0	1	0	0	0	0	0	0	0	0	1	1	0
4	29	81137S	52	0	0	0	0	0	0	0	0	0	0	0	0	0	0
4	29	81138T	52	2	2	0	2	0	0	0	0	2	2	2	2	2	2
4	29	81139V	52	 	0	0	0	0	0	0	0	0	0	0	0	0	0
4	29	81141X	53	 	0	0	0	0	0	0	0	0	0	0	0	0	0
4	29	81142Y	53	1	1	1	1	0	0	0	0	0	0	1	1	1	1
4	29	81143Z	53	0	0	0	0	0	0	0	0	0	0	0	0	0	1
4	29	81144A	53	 	 	0	0	0	0	0	0	0	0	0	0	0	0
4	29	81145B	53	1	2	2	0	0	0	0	0	0	0	0	2	0	1
4	29	81146C	53	1	1	0	0	0	0	0	0	0	0	0	0	0	0
4	29	81148E	53	0	0	0	0	0	0	0	0	0	0	0	0	0	0
4	29	81149F	53	1	0	0	0	0	0	0	0	0	0	0	0	1	1
4	29	81150G	53	 	 	0	0	0	0	0	0	0	0	0	0	0	0
4	29	81151H	53	 	0	0	0	0	0	0	0	0	0	0	0	0	0
4	29	81152J	60	 	0	0	0	0	0	0	0	0	0	0	0	0	0
4	29	81153K	60	1	1	1	0	0	1	0	0	0	1	1	1	1	1
4	29	81155M	60	2	2	2	0	0	2	2	2	2	0	1	2	2	2
4	29	81156N	60	0	1	0	0	0	0	0	0	0	0	0	0	1	1
4	29	81158Q	60	 	0	0	0	0	0	0	0	0	0	0	0	0	0
4	29	81160S	60	 	0	0	0	0	0	0	0	0	0	0	0	0	0
4	29	81161T	60	2	2	2	0	0	0	0	0	0	0	2	2	2	2
4	29	81162V	61	1	1	0	0	0	0	0	0	0	0	0	1	0	1
4	29	81163W	61	1	1	1	1	1	0	0	0	0	0	0	0	1	1
4	29	81165Y	61	1	1	1	1	0	0	0	0	0	0	0	1	1	1
4	29	81166Z	61	 	0	0	0	0	0	0	0	0	0	0	0	0	0
4	29	81167A	61	1	0	0	1	0	0	0	0	0	1	0	1	1	1
4	29	81168B	61	 	0	0	0	0	0	0	0	0	0	0	0	0	0
4	29	81170D	61	1	0	0	0	0	0	1	0	0	0	0	0	0	0
4	29	81171E	61	 	0	0	0	0	0	0	0	0	0	0	0	0	0
4	29	81172F	68	 	0	0	0	0	0	0	0	0	0	0	0	0	0
4	29	81173G	68	 	0	0	0	0	0	0	0	0	0	0	0	0	0
4	29	81174H	68	 	0	0	0	0	0	0	0	0	0	0	0	0	0
4	29	81175J	68	 	0	0	0	0	0	0	0	0	0	0	0	0	0
4	29	81176K	68	1	1	1	1	0	0	0	0	0	0	0	1	1	1
4	29	81177L	68	2	2	2	2	2	2	2	2	2	2	2	2	2	2
4	29	81178M	68	1	1	1	0	0	0	0	0	0	0	0	1	1	1
4	29	81179N	68	1	1	0	0	0	0	0	0	0	0	0	1	1	1
4	29	81180P	69	0	1	1	0	0	0	0	0	0	0	0	1	1	1
4	29	81181Q	69	1	2	2	0	0	2	2	2	2	0	0	0	2	1
4	29	81183S	69	2	2	2	0	0	0	0	0	0	0	2	2	2	2
4	29	81184T	69	1	1	0	0	0	0	0	0	0	0	1	0	1	1
4	29	81186W	69	1	1	0	0	0	0	0	0	0	0	0	1	1	1
4	29	81187X	69	1	1	0	0	0	0	0	0	0	0	0	0	1	1
4	29	81188Y	69	 	0	0	0	0	0	0	0	0	0	0	0	0	0
4	29	81189Z	69	2	2	2	0	0	2	2	2	2	0	2	2	2	2
4	29	81190A	76	2	2	2	0	0	0	0	0	0	0	2	2	2	2
4	29	81191B	76	2	2	2	2	0	2	2	2	2	2	2	2	2	2
4	29	81192C	76	2	2	2	2	0	0	0	0	0	0	2	2	2	2
4	29	81193D	76	0	0	0	0	0	0	0	1	0	0	0	0	1	1
4	29	81194E	76	2	0	0	0	0	2	2	0	0	0	0	0	0	2
4	29	81195F	76	 	0	0	0	0	0	0	0	0	0	0	0	0	0
4	29	81196G	76	 	0	0	0	0	0	0	0	0	0	0	0	0	0
4	29	81197H	76	0	0	0	0	0	0	0	0	0	0	0	0	0	0
4	29	81198J	76	0	1	0	1	0	0	0	0	0	0	0	0	1	1
4	29	81200L	76	0	0	0	0	0	0	0	0	0	0	0	0	1	0
4	29	81201M	76	1	1	1	1	1	1	1	1	1	1	1	1	1	1
4	29	81202N	 	0	0	0	0	0	0	0	0	0	0	0	0	0	0
4	29	81203P	77	 	 	0	0	0	0	0	0	0	0	0	0	0	0
4	29	81204Q	77	 	 	0	0	0	0	0	0	0	0	0	0	0	0
4	29	81205R	77	1	1	0	0	0	0	0	0	0	0	0	0	1	1
4	29	81206S	77	1	1	0	0	0	0	1	0	0	0	0	0	1	1
4	29	81207T	77	 	 	0	0	0	0	0	0	0	0	0	0	0	0
4	29	81208V	77	 	 	0	0	0	0	0	0	0	0	0	0	0	0
4	29	81209W	77	2	2	0	0	0	2	0	0	2	0	2	2	2	2
4	29	81210X	77	 	 	0	0	0	0	0	0	0	0	0	0	0	0
4	29	81211Y	77	 	 	0	0	0	0	0	0	0	0	0	0	0	0
4	29	81212Z	77	1	1	1	0	0	0	0	0	0	0	0	0	1	0
4	29	81213A	77	0	0	0	0	0	0	0	0	0	0	0	0	0	0
4	29	81214B	77	2	2	2	2	2	0	0	0	0	0	2	2	2	2
4	29	81276T	37	 	0	0	0	0	0	0	0	0	0	0	0	0	0
4	29	81277V	36	2	2	0	0	0	0	0	0	0	0	0	2	2	0
4	29	81278W	52	0	0	0	1	1	0	0	0	0	0	0	1	1	1
4	29	81280Y	77	 	0	0	0	0	0	0	0	0	0	0	0	0	0
4	29	81281Z	36	 	0	0	0	0	0	0	0	0	0	0	0	0	0
4	29	81283B	20	0	1	1	0	0	0	0	0	0	0	0	1	0	1
4	29	81284C	21	 	0	0	0	0	0	0	0	0	0	0	0	0	0
4	29	81286E	12	1	1	1	1	0	0	0	0	0	0	1	1	1	1
4	29	81287F	44	 	0	0	0	0	0	0	0	0	0	0	0	0	0
4	29	81288G	20	 	0	0	0	0	0	0	0	0	0	0	0	0	0
4	29	81292L	4	 	0	0	0	0	0	0	0	0	0	0	0	0	0
4	29	81293M	28	 	0	0	0	0	0	0	0	0	0	0	0	0	0
4	29	82215P	4	 	0	0	0	0	0	0	0	0	0	0	0	0	0
4	29	82216Q	4	 	0	0	0	0	0	0	0	0	0	0	0	0	0
4	29	82218S	4	 	0	0	0	0	0	0	0	0	0	0	0	0	0
4	29	82219T	5	 	0	0	0	0	0	0	0	0	0	0	0	0	0
4	29	82220V	12	 	0	0	0	0	0	0	0	0	0	0	0	0	0
4	29	82221W	12	 	0	0	0	0	0	0	0	0	0	0	0	0	0
4	29	82222X	12	 	0	0	0	0	0	0	0	0	0	0	0	0	0
4	29	82223Y	12	0	1	0	0	0	0	0	0	1	0	0	0	1	0
4	29	82226B	20	 	0	0	0	0	0	0	0	0	0	0	0	0	0
4	29	82227C	20	1	1	1	0	0	0	1	1	0	0	1	1	1	1
4	29	82228D	21	 	0	0	0	0	0	0	0	0	0	0	0	0	0
4	29	82229E	21	 	0	0	0	0	0	0	0	0	0	0	0	0	0
4	29	82230F	28	 	0	0	0	0	0	0	0	0	0	0	0	0	0
4	29	82231G	29	 	0	0	0	0	0	0	0	0	0	0	0	0	0
4	29	82232H	29	 	0	0	0	0	0	0	0	0	0	0	0	0	0
4	29	82233J	37	 	0	0	0	0	0	0	0	0	0	0	0	0	0
4	29	82234K	37	 	0	0	0	0	0	0	0	0	0	0	0	0	0
4	29	82235L	37	 	0	0	0	0	0	0	0	0	0	0	0	0	0
4	29	82236M	37	 	0	0	0	0	0	0	0	0	0	0	0	0	0
4	29	82237N	45	 	0	0	0	0	0	0	0	0	0	0	0	0	0
4	29	82238P	45	 	0	0	0	0	0	0	0	0	0	0	0	0	0
4	29	82239Q	45	1	1	1	1	0	1	1	1	1	0	1	1	1	1
4	29	82240R	45	 	0	0	0	0	0	0	0	0	0	0	0	0	0
4	29	82241S	52	1	1	0	1	0	1	1	1	1	0	0	1	0	1
4	29	82242T	52	1	1	1	1	0	1	0	0	0	0	0	0	1	1
4	29	82243V	60	 	0	0	0	0	0	0	0	0	0	0	0	0	0
4	29	82244W	60	 	0	0	0	0	0	0	0	0	0	0	0	0	0
4	29	82245X	60	 	0	0	0	0	0	0	0	0	0	0	0	0	0
4	29	82246Y	60	1	0	0	0	0	0	0	0	0	0	0	0	0	0
4	29	82247Z	61	1	1	0	0	0	1	1	1	1	0	1	1	1	0
4	29	82248A	61	 	0	0	0	0	0	0	0	0	0	0	0	0	0
4	29	82249B	61	 	0	0	0	0	0	0	0	0	0	0	0	0	0
4	29	82250C	61	 	0	0	0	0	0	0	0	0	0	0	0	0	0
4	29	82251D	69	 	0	0	0	0	0	0	0	0	0	0	0	0	0
4	29	82252E	69	1	1	1	0	0	0	1	1	0	1	0	0	1	1
4	29	82253F	76	 	0	0	0	0	0	0	0	0	0	0	0	0	0
4	29	82254G	77	 	0	0	0	0	0	0	0	0	0	0	0	0	0
4	29	82255H	77	 	0	0	0	0	0	0	0	0	0	0	0	0	0
4	29	82256J	77	 	0	0	0	0	0	0	0	0	0	0	0	0	0
4	29	82257K	77	0	1	1	1	1	1	1	1	1	0	0	1	1	0
4	29	82258L	77	 	0	0	0	0	0	0	0	0	0	0	0	0	0
4	29	82259M	77	 	0	0	0	0	0	0	0	0	0	0	0	0	0
4	29	82260N	77	1	1	1	1	0	0	0	0	0	0	1	1	1	1
4	29	82261P	13	0	1	0	0	0	0	0	0	0	0	0	1	0	1
4	29	82263R	21	0	1	1	1	0	0	0	0	1	0	0	0	0	1
4	29	82265T	21	2	2	2	2	0	0	2	2	2	2	2	2	2	2
4	29	82266V	36	 	 	0	0	0	0	0	0	0	0	0	0	0	0
4	29	82267W	36	 	 	0	0	0	0	0	0	0	0	0	0	0	0
4	29	82268X	77	1	1	0	0	0	0	0	0	0	0	0	1	1	1
4	29	82269Y	13	 	 	0	0	0	0	0	0	0	0	0	0	0	0
4	29	82270Z	13	 	 	0	0	0	0	0	0	0	0	0	0	0	0
4	29	82271A	13	 	 	0	0	0	0	0	0	0	0	0	0	0	0
4	29	82272B	21	 	 	0	0	0	0	0	0	0	0	0	0	0	0
4	29	82273C	21	 	 	0	0	0	0	0	0	0	0	0	0	0	0
4	29	82274D	44	1	1	1	0	0	0	1	0	0	0	1	1	1	1
4	29	82275E	77	 	 	0	0	0	0	0	0	0	0	0	0	0	0
4	29	82290W	68	 	 	0	0	0	0	0	0	0	0	0	0	0	0
4	29	82291X	68	 	0	0	0	0	0	0	0	0	0	0	0	0	0
