wave	rownum	serial	area	lr8	lr7	lr6	lr5	lr4	lr3	lr2	lr1	ll1	ll2	ll3	ll4	ll5	ll6	ll7	ll8
1	26	51001L	1	 	0	0	0	0	0	0	0	0	0	0	0	0	0	0	0
1	26	51002M	1	9	-	-	-	0	2	0	0	-	9	0	-	-	-	-	-
1	26	51003N	1	 	0	0	0	0	0	0	0	0	0	0	0	0	0	0	0
1	26	51005Q	1	 	0	0	0	0	0	0	0	0	0	0	0	0	0	0	0
1	26	51006R	1	-	-	-	-	-	0	0	0	0	1	0	-	-	-	-	-
1	26	51007S	1	-	-	0	0	0	2	2	3	3	3	3	-	-	-	2	-
1	26	51008T	1	 	0	0	0	0	0	0	0	0	0	0	0	0	0	0	0
1	26	51009V	1	-	-	-	9	2	2	-	-	-	-	2	9	-	-	-	-
1	26	51010W	1	-	0	-	0	0	0	0	2	2	2	0	-	0	2	2	-
1	26	51013Z	8	 	0	0	0	0	0	0	0	0	0	0	0	0	0	0	0
1	26	51014A	8	-	-	-	9	9	0	0	0	0	0	0	2	2	-	-	-
1	26	51015B	8	 	0	0	0	0	0	0	0	0	0	0	0	0	0	0	0
1	26	51016C	8	 	0	0	0	0	0	0	0	0	0	0	0	0	0	0	0
1	26	51017D	8	 	0	0	0	0	0	0	0	0	0	0	0	0	0	0	0
1	26	51018E	8	 	0	0	0	0	0	0	0	0	0	0	0	0	0	0	0
1	26	51020G	9	 	0	0	0	0	0	0	0	0	0	0	0	0	0	0	0
1	26	51021H	9	 	0	0	0	0	0	0	0	0	0	0	0	0	0	0	0
1	26	51023K	9	-	0	-	1	1	0	0	0	0	0	0	-	-	-	0	0
1	26	51024L	9	 	0	0	0	0	0	0	0	0	0	0	0	0	0	0	0
1	26	51025M	9	 	0	0	0	0	0	0	0	0	0	0	0	0	0	0	0
1	26	51026N	9	0	-	-	-	0	0	0	0	0	0	0	0	0	2	-	0
1	26	51027P	9	-	-	-	-	0	0	0	0	0	0	0	0	-	-	-	-
1	26	51028Q	9	 	0	0	0	0	0	0	0	0	0	0	0	0	0	0	0
1	26	51029R	16	-	-	-	-	-	3	3	3	4	4	4	-	4	-	-	-
1	26	51030S	16	-	-	-	-	-	-	-	-	-	-	-	-	-	-	-	0
1	26	51031T	16	 	0	0	0	0	0	0	0	0	0	0	0	0	0	0	0
1	26	51034X	16	-	0	0	-	2	0	0	3	3	3	0	0	-	0	-	-
1	26	51035Y	16	-	-	0	-	2	0	0	0	0	0	0	3	2	-	-	0
1	26	51036Z	16	2	-	-	-	-	0	0	0	0	0	0	2	-	-	-	-
1	26	51037A	16	-	0	0	0	2	2	0	0	-	-	0	0	0	-	0	0
1	26	51038B	16	 	0	0	0	0	0	0	0	0	0	0	0	0	0	0	0
1	26	51039C	16	 	0	0	0	0	0	0	0	0	0	0	0	0	0	0	0
1	26	51040D	17	 	0	0	0	0	0	0	0	0	0	0	0	0	0	0	0
1	26	51041E	17	 	0	0	0	0	0	0	0	0	0	0	0	0	0	0	0
1	26	51042F	17	-	2	-	2	0	0	2	-	2	0	2	-	-	-	-	-
1	26	51043G	17	 	0	0	0	0	0	0	0	0	0	0	0	0	0	0	0
1	26	51044H	17	 	0	0	0	0	0	0	0	0	0	0	0	0	0	0	0
1	26	51045J	17	-	-	-	-	2	0	2	2	2	2	2	3	3	-	-	-
1	26	51046K	17	-	-	-	2	2	0	-	-	-	-	0	9	2	-	-	-
1	26	51047L	17	-	-	-	-	-	3	-	-	-	-	3	-	-	-	3	-
1	26	51049N	17	 	0	0	0	0	0	0	0	0	0	0	0	0	0	0	0
1	26	51050P	17	2	-	-	-	0	0	0	0	0	0	0	0	-	-	0	-
1	26	51051Q	24	 	 	0	0	0	0	0	0	0	0	0	0	0	0	0	0
1	26	51052R	24	-	0	-	-	0	0	0	0	0	0	0	-	-	-	9	-
1	26	51053S	24	 	 	0	0	0	0	0	0	0	0	0	0	0	0	0	0
1	26	51054T	24	 	 	0	0	0	0	0	0	0	0	0	0	0	0	0	0
1	26	51055V	24	-	-	-	-	-	9	9	-	-	-	9	-	-	-	-	-
1	26	51056W	24	-	-	-	-	-	0	3	4	4	4	-	-	-	-	-	-
1	26	51057X	24	0	0	0	-	0	0	0	0	0	0	0	0	-	-	0	0
1	26	51058Y	25	-	-	-	-	1	0	0	1	0	0	0	0	0	-	-	-
1	26	51059Z	25	-	-	2	0	2	0	2	0	0	0	0	3	0	2	2	-
1	26	51060A	25	-	-	-	-	0	0	0	-	-	-	3	-	-	-	-	-
1	26	51061B	25	-	-	-	-	2	0	0	-	0	2	3	3	-	-	-	-
1	26	51062C	25	 	0	0	0	0	0	0	0	0	0	0	0	0	0	0	0
1	26	51064E	25	-	-	-	-	-	2	2	-	-	2	0	-	0	-	-	-
1	26	51065F	25	-	0	2	2	2	2	2	2	2	2	2	9	-	-	0	0
1	26	51066G	25	2	-	-	0	-	-	0	0	0	-	0	2	-	-	-	-
1	26	51067H	25	 	 	0	0	0	0	0	0	0	0	0	0	0	0	0	0
1	26	51068J	25	-	0	-	-	2	2	2	0	2	0	0	2	2	-	-	-
1	26	51070L	32	-	-	-	-	-	-	-	-	-	-	0	-	-	-	-	-
1	26	51071M	32	 	0	0	0	0	0	0	0	0	0	0	0	0	0	0	0
1	26	51072N	32	-	-	2	0	0	0	0	0	0	0	2	2	9	9	-	-
1	26	51073P	32	-	2	2	2	2	2	0	2	2	3	4	9	-	-	2	-
1	26	51074Q	32	 	0	0	0	0	0	0	0	0	0	0	0	0	0	0	0
1	26	51075R	32	-	-	0	2	2	2	2	2	0	0	0	2	2	-	-	-
1	26	51076S	32	-	0	0	9	2	2	0	2	0	0	0	2	2	2	0	-
1	26	51077T	32	 	0	0	0	0	0	0	0	0	0	0	0	0	0	0	0
1	26	51078V	32	-	0	-	-	2	3	2	2	2	2	2	3	2	-	0	-
1	26	51079W	32	 	0	0	0	0	0	0	0	0	0	0	0	0	0	0	0
1	26	51080X	32	-	-	-	0	2	0	0	0	0	0	2	2	2	-	-	-
1	26	51081Y	33	0	0	-	0	2	0	0	0	0	0	2	0	2	-	0	0
1	26	51082Z	33	 	0	0	0	0	0	0	0	0	0	0	0	0	0	0	0
1	26	51083A	33	 	0	0	0	0	0	0	0	0	0	0	0	0	0	0	0
1	26	51084B	33	-	9	-	-	-	-	-	-	-	-	-	-	-	-	-	-
1	26	51087E	33	-	-	-	-	-	3	3	3	2	2	3	-	-	-	-	-
1	26	51088F	33	-	2	-	-	3	3	2	3	3	9	9	9	-	-	2	-
1	26	51089G	33	 	0	0	0	0	0	0	0	0	0	0	0	0	0	0	0
1	26	51090H	33	-	-	-	2	0	0	0	0	0	2	0	-	0	-	0	-
1	26	51091J	33	-	-	-	-	2	2	0	0	0	0	0	2	-	-	0	-
1	26	51092K	33	 	0	0	0	0	0	0	0	0	0	0	0	0	0	0	0
1	26	51093L	40	-	-	-	9	-	2	0	0	3	0	2	-	9	-	-	-
1	26	51094M	40	-	-	-	-	-	3	-	-	-	-	3	-	-	-	-	-
1	26	51095N	40	 	0	0	0	0	0	0	0	0	0	0	0	0	0	0	0
1	26	51096P	40	-	2	-	0	2	2	2	2	2	0	0	0	2	-	-	3
1	26	51097Q	40	-	0	-	0	0	0	0	0	0	0	0	0	0	-	0	-
1	26	51098R	40	3	3	-	-	-	3	2	-	2	2	3	3	3	-	-	3
1	26	51099S	40	 	0	0	0	0	0	0	0	0	0	0	0	0	0	0	0
1	26	51100T	40	-	-	-	-	-	-	-	-	-	-	-	-	-	-	0	-
1	26	51101V	40	0	-	0	-	2	0	0	0	0	0	0	0	0	-	0	0
1	26	51102W	40	-	-	3	3	0	0	2	2	2	2	2	3	-	-	-	-
1	26	51103X	41	 	0	0	0	0	0	0	0	0	0	0	0	0	0	0	0
1	26	51104Y	41	 	0	0	0	0	0	0	0	0	0	0	0	0	0	0	0
1	26	51105Z	41	 	0	0	0	0	0	0	0	0	0	0	0	0	0	0	0
1	26	51107B	41	-	0	0	2	2	2	2	-	-	-	2	-	2	0	0	-
1	26	51108C	41	0	-	2	2	2	2	0	0	0	0	0	0	4	-	-	0
1	26	51109D	41	-	0	-	-	9	2	0	0	2	2	2	2	-	-	0	-
1	26	51110E	41	-	-	-	-	-	0	0	0	0	0	2	-	-	-	-	-
1	26	51111F	41	-	-	0	-	2	0	0	0	0	0	2	2	2	-	0	-
1	26	51112G	41	 	0	0	0	0	0	0	0	0	0	0	0	0	0	0	0
1	26	51113H	48	 	0	0	0	0	0	0	0	0	0	0	0	0	0	0	0
1	26	51114J	48	-	2	-	3	2	2	3	3	3	3	3	3	3	-	-	2
1	26	51115K	48	-	-	-	-	3	2	2	2	3	3	3	-	-	-	-	-
1	26	51116L	48	-	-	-	9	0	0	0	0	0	0	0	0	0	-	-	-
1	26	51117M	48	 	0	0	0	0	0	0	0	0	0	0	0	0	0	0	0
1	26	51118N	48	-	2	-	-	2	2	2	2	2	3	3	3	3	-	3	-
1	26	51119P	48	-	-	-	0	2	0	0	0	0	0	0	2	0	-	-	-
1	26	51120Q	48	-	-	-	3	3	0	2	2	2	2	2	-	-	-	-	-
1	26	51121R	48	 	0	0	0	0	0	0	0	0	0	0	0	0	0	0	0
1	26	51122S	49	-	-	-	-	0	0	0	0	0	9	-	0	-	-	-	0
1	26	51123T	49	 	0	0	0	0	0	0	0	0	0	0	0	0	0	0	0
1	26	51125W	49	 	0	0	0	0	0	0	0	0	0	0	0	0	0	0	0
1	26	51127Y	49	 	0	0	0	0	0	0	0	0	0	0	0	0	0	0	0
1	26	51128Z	49	0	-	-	-	-	-	-	-	-	-	-	-	-	-	-	0
1	26	51129A	49	 	0	0	0	0	0	0	0	0	0	0	0	0	0	0	0
1	26	51130B	49	0	0	-	0	2	0	0	0	0	0	0	2	-	0	-	0
1	26	51131C	49	 	0	0	0	0	0	0	0	0	0	0	0	0	0	0	0
1	26	51132D	49	 	0	0	0	0	0	0	0	0	0	0	0	0	0	0	0
1	26	51133E	49	-	-	-	-	-	3	0	0	2	3	0	-	-	-	-	-
1	26	51134F	56	-	-	-	-	-	0	2	0	2	0	2	-	-	-	-	-
1	26	51135G	56	 	0	0	0	0	0	0	0	0	0	0	0	0	0	0	0
1	26	51136H	56	 	0	0	0	0	0	0	0	0	0	0	0	0	0	0	0
1	26	51137J	56	 	0	0	0	0	0	0	0	0	0	0	0	0	0	0	0
1	26	51138K	56	 	0	0	0	0	0	0	0	0	0	0	0	0	0	0	0
1	26	51139L	56	0	0	2	2	2	2	2	2	2	2	4	9	9	-	3	0
1	26	51141N	57	 	0	0	0	0	0	0	0	0	0	0	0	0	0	0	0
1	26	51142P	57	 	0	0	0	0	0	0	0	0	0	0	0	0	0	0	0
1	26	51143Q	57	 	0	0	0	0	0	0	0	0	0	0	0	0	0	0	0
1	26	51144R	57	-	-	-	0	-	0	0	2	2	0	0	-	2	-	-	-
1	26	51145S	57	-	-	-	-	-	2	3	4	3	3	3	-	-	-	0	-
1	26	51146T	57	 	0	0	0	0	0	0	0	0	0	0	0	0	0	0	0
1	26	51147V	57	 	0	0	0	0	0	0	0	0	0	0	0	0	0	0	0
1	26	51148W	57	 	0	0	0	0	0	0	0	0	0	0	0	0	0	0	0
1	26	51149X	57	 	0	0	0	0	0	0	0	0	0	0	0	0	0	0	0
1	26	51150Y	57	 	0	0	0	0	0	0	0	0	0	0	0	0	0	0	0
1	26	51151Z	57	 	0	0	0	0	0	0	0	0	0	0	0	0	0	0	0
1	26	51152A	57	 	0	0	0	0	0	0	0	0	0	0	0	0	0	0	0
1	26	51153B	64	 	0	0	0	0	0	0	0	0	0	0	0	0	0	0	0
1	26	51154C	64	-	-	-	-	-	0	-	-	-	-	0	0	0	-	-	-
1	26	51155D	64	 	0	0	0	0	0	0	0	0	0	0	0	0	0	0	0
1	26	51156E	64	0	-	-	2	2	0	0	0	2	2	0	2	2	-	-	-
1	26	51158G	64	-	2	-	2	0	0	0	2	2	0	0	2	-	-	0	-
1	26	51159H	64	0	-	-	-	2	2	2	9	2	-	2	3	-	2	-	-
1	26	51160J	64	-	-	2	2	2	2	2	2	0	2	-	2	2	2	-	0
1	26	51161K	64	 	0	0	0	0	0	0	0	0	0	0	0	0	0	0	0
1	26	51162L	64	0	0	0	-	-	0	-	-	-	-	0	0	0	-	-	-
1	26	51163M	64	-	-	-	-	-	9	9	2	2	2	9	9	-	-	-	-
1	26	51164N	64	-	-	2	-	0	-	0	0	0	0	0	0	2	2	-	-
1	26	51165P	64	9	2	3	-	9	9	2	2	2	2	2	2	-	9	2	0
1	26	51166Q	64	-	-	-	-	2	0	2	2	2	2	0	0	-	-	0	-
1	26	51167R	64	-	0	-	-	2	0	0	0	0	0	0	2	9	-	-	-
1	26	51168S	65	 	0	0	0	0	0	0	0	0	0	0	0	0	0	0	0
1	26	51169T	65	-	-	-	-	0	2	4	-	-	-	0	0	-	-	-	-
1	26	51170V	65	 	 	0	0	0	0	0	0	0	0	0	0	0	0	0	0
1	26	51171W	65	-	-	-	-	-	1	-	-	-	-	-	-	-	-	-	-
1	26	51172X	65	-	-	-	-	1	1	-	-	-	-	2	2	-	-	-	-
1	26	51173Y	65	 	0	0	0	0	0	0	0	0	0	0	0	0	0	0	0
1	26	51174Z	65	-	0	3	2	0	2	0	0	0	0	0	2	2	2	0	-
1	26	51175A	65	-	-	0	-	9	0	0	2	2	2	0	9	-	-	-	9
1	26	51176B	65	-	0	0	2	0	2	2	9	9	2	9	9	-	0	0	0
1	26	51177C	65	-	2	2	0	0	0	0	0	0	2	0	2	0	0	-	-
1	26	51178D	65	-	0	0	0	-	9	0	-	-	-	0	-	-	-	-	0
1	26	51179E	72	0	-	-	-	-	0	-	-	-	-	-	-	-	-	-	-
1	26	51181G	72	0	-	-	-	-	-	-	-	-	-	-	-	-	-	-	-
1	26	51182H	72	 	0	0	0	0	0	0	0	0	0	0	0	0	0	0	0
1	26	51183J	72	-	-	-	-	-	0	-	-	-	-	0	-	-	-	-	-
1	26	51184K	72	-	0	0	0	0	0	0	0	0	0	0	2	2	0	0	0
1	26	51185L	72	 	0	0	0	0	0	0	0	0	0	0	0	0	0	0	0
1	26	51186M	72	-	0	-	0	0	0	0	0	0	-	0	0	0	0	0	-
1	26	51187N	72	-	0	0	0	0	0	0	0	0	0	0	0	0	-	-	-
1	26	51188P	72	0	0	-	3	2	0	2	2	2	2	0	0	0	0	0	-
1	26	51189Q	72	 	0	0	0	0	0	0	0	0	0	0	0	0	0	0	0
1	26	51192T	73	0	-	-	0	0	0	0	0	0	0	0	0	0	-	-	0
1	26	51193V	73	0	0	0	0	2	0	-	-	-	3	0	3	0	0	-	-
1	26	51194W	73	 	0	0	0	0	0	0	0	0	0	0	0	0	0	0	0
1	26	51195X	73	 	0	0	0	0	0	0	0	0	0	0	0	0	0	0	0
1	26	51196Y	73	0	-	-	-	0	2	2	0	0	3	3	0	0	0	-	-
1	26	51197Z	73	 	0	0	0	0	0	0	0	0	0	0	0	0	0	0	0
1	26	51198A	73	-	0	0	2	0	0	0	0	0	0	0	0	2	0	0	0
1	26	51199B	73	-	-	-	9	9	9	2	2	0	2	0	9	9	-	-	-
1	26	51200C	73	-	-	-	-	-	0	0	0	0	0	0	0	0	-	-	-
1	26	51201D	73	-	0	-	0	0	0	0	0	0	0	0	0	0	-	0	-
1	26	51202E	73	-	0	-	-	0	0	0	3	3	3	2	0	-	0	0	-
1	26	51204G	80	 	0	0	0	0	0	0	0	0	0	0	0	0	0	0	0
1	26	51205H	80	 	0	0	0	0	0	0	0	0	0	0	0	0	0	0	0
1	26	51206J	80	-	0	-	0	0	0	0	0	9	0	0	0	0	0	0	-
1	26	51207K	80	-	-	-	3	2	3	2	2	2	2	2	3	-	-	-	-
1	26	51208L	80	 	0	0	0	0	0	0	0	0	0	0	0	0	0	0	0
1	26	51209M	80	 	0	0	0	0	0	0	0	0	0	0	0	0	0	0	0
1	26	51210N	80	 	0	0	0	0	0	0	0	0	0	0	0	0	0	0	0
1	26	51211P	80	-	-	-	-	0	0	0	0	0	0	0	-	-	-	0	-
1	26	51212Q	80	-	-	-	0	9	0	0	0	0	0	0	-	-	-	-	-
1	26	51213R	80	-	-	-	-	0	0	0	0	0	0	0	2	-	-	-	-
1	26	51214S	80	 	0	0	0	0	0	0	0	0	0	0	0	0	0	0	0
1	26	51215T	80	-	0	-	0	2	0	2	2	2	2	0	3	-	-	-	-
1	26	51216V	80	 	0	0	0	0	0	0	0	0	0	0	0	0	0	0	0
1	26	52217H	1	 	0	0	0	0	0	0	0	0	0	0	0	0	0	0	0
1	26	52218J	1	 	0	0	0	0	0	0	0	0	0	0	0	0	0	0	0
1	26	52219K	1	 	0	0	0	0	0	0	0	0	0	0	0	0	0	0	0
1	26	52220L	8	 	0	0	0	0	0	0	0	0	0	0	0	0	0	0	0
1	26	52221M	8	 	0	0	0	0	0	0	0	0	0	0	0	0	0	0	0
1	26	52222N	8	9	-	-	-	9	0	2	2	2	2	2	9	-	-	0	-
1	26	52223P	8	-	-	-	0	0	0	-	-	-	0	0	0	-	-	-	-
1	26	52224Q	8	 	0	0	0	0	0	0	0	0	0	0	0	0	0	0	0
1	26	52225R	9	0	-	-	0	0	0	0	0	0	0	0	0	-	-	-	2
1	26	52226S	9	 	0	0	0	0	0	0	0	0	0	0	0	0	0	0	0
1	26	52227T	17	 	0	0	0	0	0	0	0	0	0	0	0	0	0	0	0
1	26	52228V	17	 	0	0	0	0	0	0	0	0	0	0	0	0	0	0	0
1	26	52230X	24	 	0	0	0	0	0	0	0	0	0	0	0	0	0	0	0
1	26	52231Y	24	 	0	0	0	0	0	0	0	0	0	0	0	0	0	0	0
1	26	52232Z	32	9	-	-	-	9	2	2	2	9	2	-	9	-	-	-	-
1	26	52233A	32	-	-	-	-	-	9	3	3	-	0	0	-	-	-	-	-
1	26	52234B	32	0	0	-	-	0	2	2	2	2	2	9	2	9	-	9	-
1	26	52236D	32	 	0	0	0	0	0	0	0	0	0	0	0	0	0	0	0
1	26	52237E	33	 	0	0	0	0	0	0	0	0	0	0	0	0	0	0	0
1	26	52238F	33	 	0	0	0	0	0	0	0	0	0	0	0	0	0	0	0
1	26	52239G	40	 	0	0	0	0	0	0	0	0	0	0	0	0	0	0	0
1	26	52241J	40	 	0	0	0	0	0	0	0	0	0	0	0	0	0	0	0
1	26	52242K	48	 	0	0	0	0	0	0	0	0	0	0	0	0	0	0	0
1	26	52243L	48	 	0	0	0	0	0	0	0	0	0	0	0	0	0	0	0
1	26	52244M	64	 	0	0	0	0	0	0	0	0	0	0	0	0	0	0	0
1	26	52245N	65	-	-	-	-	-	-	-	-	3	-	-	-	-	-	-	-
1	26	52246P	72	 	0	0	0	0	0	0	0	0	0	0	0	0	0	0	0
1	26	52247Q	73	-	-	-	-	2	0	2	3	3	2	2	3	-	-	-	-
1	26	52248R	73	 	0	0	0	0	0	0	0	0	0	0	0	0	0	0	0
1	26	52249S	73	 	0	0	0	0	0	0	0	0	0	0	0	0	0	0	0
1	26	52250T	80	 	0	0	0	0	0	0	0	0	0	0	0	0	0	0	0
1	26	52251V	80	-	0	-	0	9	2	2	2	2	2	2	0	0	-	-	-
1	26	52253X	25	 	 	0	0	0	0	0	0	0	0	0	0	0	0	0	0
1	26	52254Y	73	 	 	0	0	0	0	0	0	0	0	0	0	0	0	0	0
2	26	61001F	2	 	 	0	0	0	0	0	0	0	0	0	0	0	0	0	0
2	26	61002G	2	-	-	-	-	-	2	2	2	3	2	2	-	-	-	-	-
2	26	61003H	2	 	0	0	0	0	0	0	0	0	0	0	0	0	0	0	0
2	26	61005K	2	 	0	0	0	0	0	0	0	0	0	0	0	0	0	0	0
2	26	61006L	2	-	-	-	2	2	2	2	0	0	0	0	2	2	-	-	-
2	26	61007M	2	 	0	0	0	0	0	0	0	0	0	0	0	0	0	0	0
2	26	61008N	2	 	0	0	0	0	0	0	0	0	0	0	0	0	0	0	0
2	26	61009P	2	 	0	0	0	0	0	0	0	0	0	0	0	0	0	0	0
2	26	61010Q	2	 	0	0	0	0	0	0	0	0	0	0	0	0	0	0	0
2	26	61012S	2	 	0	0	0	0	0	0	0	0	0	0	0	0	0	0	0
2	26	61013T	7	 	0	0	0	0	0	0	0	0	0	0	0	0	0	0	0
2	26	61014V	7	 	0	0	0	0	0	0	0	0	0	0	0	0	0	0	0
2	26	61015W	7	 	 	0	0	0	0	0	0	0	0	0	0	0	0	0	0
2	26	61018Z	7	 	 	0	0	0	0	0	0	0	0	0	0	0	0	0	0
2	26	61019A	7	 	 	0	0	0	0	0	0	0	0	0	0	0	0	0	0
2	26	61020B	7	0	-	-	0	0	0	0	0	0	0	0	0	0	-	-	9
2	26	61021C	7	0	-	3	3	0	0	2	2	2	2	0	0	2	-	-	0
2	26	61022D	10	 	 	0	0	0	0	0	0	0	0	0	0	0	0	0	0
2	26	61023E	10	 	 	0	0	0	0	0	0	0	0	0	0	0	0	0	0
2	26	61025G	10	 	 	0	0	0	0	0	0	0	0	0	0	0	0	0	0
2	26	61026H	10	 	 	0	0	0	0	0	0	0	0	0	0	0	0	0	0
2	26	61027J	10	 	 	0	0	0	0	0	0	0	0	0	0	0	0	0	0
2	26	61028K	10	 	 	 	0	0	0	0	0	0	0	0	0	0	0	0	0
2	26	61029L	10	-	2	-	-	4	2	2	3	3	2	0	3	2	-	0	-
2	26	61030M	10	-	-	-	3	2	0	0	0	0	0	0	2	-	-	-	-
2	26	61031N	15	 	0	0	0	0	0	0	0	0	0	0	0	0	0	0	0
2	26	61032P	15	 	0	0	0	0	0	0	0	0	0	0	0	0	0	0	0
2	26	61033Q	15	 	0	0	0	0	0	0	0	0	0	0	0	0	0	0	0
2	26	61034R	15	 	0	0	0	0	0	0	0	0	0	0	0	0	0	0	0
2	26	61035S	15	-	-	-	-	-	-	3	3	4	3	2	-	-	-	-	-
2	26	61036T	15	0	0	-	-	2	0	0	0	0	0	0	0	-	-	0	0
2	26	61037V	15	 	0	0	0	0	0	0	0	0	0	0	0	0	0	0	0
2	26	61038W	15	 	0	0	0	0	0	0	0	0	0	0	0	0	0	0	0
2	26	61039X	15	 	0	0	0	0	0	0	0	0	0	0	0	0	0	0	0
2	26	61040Y	15	-	-	-	-	0	0	0	0	0	0	0	0	-	-	-	-
2	26	61041Z	18	 	0	0	0	0	0	0	0	0	0	0	0	0	0	0	0
2	26	61042A	18	 	0	0	0	0	0	0	0	0	0	0	0	0	0	0	0
2	26	61043B	18	 	0	0	0	0	0	0	0	0	0	0	0	0	0	0	0
2	26	61044C	18	 	0	0	0	0	0	0	0	0	0	0	0	0	0	0	0
2	26	61045D	18	 	0	0	0	0	0	0	0	0	0	0	0	0	0	0	0
2	26	61047F	18	-	-	-	-	-	0	0	-	0	-	0	0	-	-	-	-
2	26	61049H	18	-	3	-	2	2	0	3	3	3	3	0	0	0	-	-	-
2	26	61050J	18	 	0	0	0	0	0	0	0	0	0	0	0	0	0	0	0
2	26	61051K	18	 	0	0	0	0	0	0	0	0	0	0	0	0	0	0	0
2	26	61052L	18	-	-	-	-	0	0	-	-	0	0	0	0	-	-	-	-
2	26	61053M	23	 	0	0	0	0	0	0	0	0	0	0	0	0	0	0	0
2	26	61054N	23	 	0	0	0	0	0	0	0	0	0	0	0	0	0	0	0
2	26	61056Q	23	 	0	0	0	0	0	0	0	0	0	0	0	0	0	0	0
2	26	61057R	23	 	0	0	0	0	0	0	0	0	0	0	0	0	0	0	0
2	26	61058S	23	 	0	0	0	0	0	0	0	0	0	0	0	0	0	0	0
2	26	61059T	23	-	2	-	-	0	0	2	2	2	2	0	2	-	0	0	-
2	26	61061W	23	-	-	-	2	0	2	2	3	2	2	0	2	-	0	-	-
2	26	61063Y	26	 	0	0	0	0	0	0	0	0	0	0	0	0	0	0	0
2	26	61064Z	26	 	0	0	0	0	0	0	0	0	0	0	0	0	0	0	0
2	26	61067C	26	-	9	-	9	-	0	0	0	0	0	0	-	0	0	0	0
2	26	61068D	26	-	-	-	-	-	0	0	0	0	0	0	-	-	-	-	-
2	26	61069E	26	-	-	-	-	-	0	0	-	-	0	0	-	-	-	-	-
2	26	61070F	26	-	-	-	-	0	0	0	0	0	0	0	0	-	-	9	-
2	26	61071G	26	-	0	-	-	2	2	2	2	0	2	9	2	-	-	0	-
2	26	61072H	26	 	0	0	0	0	0	0	0	0	0	0	0	0	0	0	0
2	26	61073J	31	 	0	0	0	0	0	0	0	0	0	0	0	0	0	0	0
2	26	61074K	31	 	0	0	0	0	0	0	0	0	0	0	0	0	0	0	0
2	26	61076M	31	2	-	-	-	-	0	0	0	0	0	0	0	-	-	2	-
2	26	61077N	31	 	0	0	0	0	0	0	0	0	0	0	0	0	0	0	0
2	26	61078P	31	 	0	0	0	0	0	0	0	0	0	0	0	0	0	0	0
2	26	61080R	31	0	-	2	-	2	0	2	2	2	2	2	9	2	-	-	-
2	26	61081S	31	2	-	-	2	2	2	2	2	2	2	2	2	9	0	-	-
2	26	61083V	34	 	0	0	0	0	0	0	0	0	0	0	0	0	0	0	0
2	26	61084W	34	 	0	0	0	0	0	0	0	0	0	0	0	0	0	0	0
2	26	61085X	34	 	 	0	0	0	0	0	0	0	0	0	0	0	0	0	0
2	26	61086Y	34	-	9	-	0	0	0	0	0	0	0	0	0	0	9	-	-
2	26	61087Z	34	-	9	-	9	9	0	0	1	2	2	0	9	-	-	-	0
2	26	61088A	34	-	3	2	0	2	0	2	0	0	0	0	2	0	3	0	-
2	26	61089B	34	 	0	0	0	0	0	0	0	0	0	0	0	0	0	0	0
2	26	61090C	39	 	 	0	0	0	0	0	0	0	0	0	0	0	0	0	0
2	26	61091D	39	 	 	0	0	0	0	0	0	0	0	0	0	0	0	0	0
2	26	61092E	39	 	 	0	0	0	0	0	0	0	0	0	0	0	0	0	0
2	26	61094G	39	 	 	0	0	0	0	0	0	0	0	0	0	0	0	0	0
2	26	61095H	39	 	 	0	0	0	0	0	0	0	0	0	0	0	0	0	0
2	26	61096J	39	 	 	0	0	0	0	0	0	0	0	0	0	0	0	0	0
2	26	61098L	39	0	0	-	0	2	0	0	0	0	0	0	3	3	-	0	-
2	26	61101P	42	 	 	0	0	0	0	0	0	0	0	0	0	0	0	0	0
2	26	61102Q	42	9	-	9	-	9	-	9	0	9	9	9	9	0	-	-	-
2	26	61103R	42	-	-	-	-	-	-	9	-	-	-	9	-	-	-	-	-
2	26	61104S	42	0	0	-	9	9	2	2	2	2	2	2	9	-	-	0	0
2	26	61105T	42	 	0	0	0	0	0	0	0	0	0	0	0	0	0	0	0
2	26	61106V	47	 	0	0	0	0	0	0	0	0	0	0	0	0	0	0	0
2	26	61107W	47	 	 	0	0	0	0	0	0	0	0	0	0	0	0	0	0
2	26	61110Z	47	-	-	-	0	2	0	0	0	0	0	2	2	-	-	-	-
2	26	61112B	47	-	-	-	-	-	0	-	-	-	-	2	-	-	-	-	-
2	26	61113C	47	0	-	-	0	0	0	0	0	0	0	0	2	2	0	0	-
2	26	61114D	47	-	0	9	-	2	0	2	2	0	0	0	2	-	-	0	-
2	26	61115E	47	0	-	-	0	2	0	2	0	0	-	0	0	-	-	0	0
2	26	61116F	47	-	-	-	-	-	-	-	-	-	-	0	3	-	-	-	-
2	26	61117G	50	 	0	0	0	0	0	0	0	0	0	0	0	0	0	0	0
2	26	61118H	50	 	0	0	0	0	0	0	0	0	0	0	0	0	0	0	0
2	26	61119J	50	 	 	0	0	0	0	0	0	0	0	0	0	0	0	0	0
2	26	61120K	50	 	 	0	0	0	0	0	0	0	0	0	0	0	0	0	0
2	26	61121L	50	0	0	-	0	0	0	0	0	0	0	0	2	3	-	3	0
2	26	61122M	50	0	0	-	0	2	0	0	0	0	0	0	9	0	2	0	0
2	26	61123N	50	 	 	0	0	0	0	0	0	0	0	0	0	0	0	0	0
2	26	61125Q	55	-	-	-	0	2	2	2	2	2	2	2	2	2	-	-	-
2	26	61126R	55	-	-	-	-	-	0	0	0	0	0	2	-	-	-	-	-
2	26	61127S	55	-	-	-	-	-	-	-	-	2	3	3	2	-	-	-	-
2	26	61128T	55	-	-	-	-	-	0	0	1	3	3	-	-	-	-	-	-
2	26	61129V	55	 	 	0	0	0	0	0	0	0	0	0	0	0	0	0	0
2	26	61130W	55	-	-	-	0	0	2	2	2	2	2	0	2	2	-	-	0
2	26	61131X	55	 	 	0	0	0	0	0	0	0	0	0	0	0	0	0	0
2	26	61132Y	55	 	 	0	0	0	0	0	0	0	0	0	0	0	0	0	0
2	26	61133Z	55	0	-	-	-	-	2	-	-	-	-	-	-	-	-	-	-
2	26	61134A	55	-	0	2	2	2	0	0	2	2	0	0	-	2	-	2	-
2	26	61135B	55	 	 	0	0	0	0	0	0	0	0	0	0	0	0	0	0
2	26	61136C	55	-	0	-	-	2	0	0	0	0	0	2	-	0	-	0	-
2	26	61137D	55	-	-	-	-	2	0	0	0	0	0	0	2	-	-	-	-
2	26	61138E	58	 	0	0	0	0	0	0	0	0	0	0	0	0	0	0	0
2	26	61139F	58	 	0	0	0	0	0	0	0	0	0	0	0	0	0	0	0
2	26	61141H	58	 	0	0	0	0	0	0	0	0	0	0	0	0	0	0	0
2	26	61142J	58	-	-	-	-	2	0	0	-	-	2	0	9	-	-	-	-
2	26	61143K	58	0	-	-	-	9	3	3	2	2	2	9	9	9	2	-	0
2	26	61144L	58	2	-	-	-	-	2	2	-	-	-	2	-	-	-	-	2
2	26	61145M	58	 	 	0	0	0	0	0	0	0	0	0	0	0	0	0	0
2	26	61146N	63	 	0	0	0	0	0	0	0	0	0	0	0	0	0	0	0
2	26	61147P	63	 	0	0	0	0	0	0	0	0	0	0	0	0	0	0	0
2	26	61148Q	63	-	-	-	-	-	0	0	0	0	0	0	-	-	-	-	9
2	26	61149R	63	 	0	0	0	0	0	0	0	0	0	0	0	0	0	0	0
2	26	61150S	63	 	0	0	0	0	0	0	0	0	0	0	0	0	0	0	0
2	26	61151T	63	-	-	-	-	-	0	0	0	0	0	0	0	-	-	-	0
2	26	61152V	63	-	-	-	0	0	0	0	0	0	0	0	-	-	-	-	0
2	26	61153W	63	 	0	0	0	0	0	0	0	0	0	0	0	0	0	0	0
2	26	61154X	63	-	-	-	2	2	0	0	0	0	0	0	2	2	-	-	-
2	26	61155Y	63	0	0	0	-	0	0	0	0	0	0	0	0	0	-	0	0
2	26	61156Z	63	0	0	0	0	-	0	-	9	9	0	0	0	0	-	-	0
2	26	61157A	63	-	-	-	0	0	0	0	0	0	0	0	0	0	-	0	-
2	26	61158B	63	 	0	0	0	0	0	0	0	0	0	0	0	0	0	0	0
2	26	61159C	63	-	0	0	0	0	0	0	0	0	0	0	0	-	0	-	-
2	26	61160D	63	-	0	0	-	-	0	0	0	0	0	0	0	-	0	0	-
2	26	61161E	63	 	 	 	 	 	 	 	 	 	 	 	 	 	 	 	 
2	26	61162F	63	-	0	-	-	-	0	0	0	0	0	0	0	0	-	0	-
2	26	61163G	66	 	 	 	 	 	 	 	 	 	 	 	 	 	 	 	 
2	26	61165J	66	 	0	0	0	0	0	0	0	0	0	0	0	0	0	0	0
2	26	61166K	66	 	0	0	0	0	0	0	0	0	0	0	0	0	0	0	0
2	26	61169N	66	 	0	0	0	0	0	0	0	0	0	0	0	0	0	0	0
2	26	61170P	66	-	-	-	0	9	0	0	0	0	0	2	2	-	-	-	-
2	26	61171Q	71	-	-	-	-	2	2	2	-	-	0	2	3	-	-	-	-
2	26	61172R	71	 	0	0	0	0	0	0	0	0	0	0	0	0	0	0	0
2	26	61173S	71	 	0	0	0	0	0	0	0	0	0	0	0	0	0	0	0
2	26	61174T	71	 	0	0	0	0	0	0	0	0	0	0	0	0	0	0	0
2	26	61175V	71	 	0	0	0	0	0	0	0	0	0	0	0	0	0	0	0
2	26	61176W	71	-	-	-	-	-	-	-	-	-	-	0	-	-	-	-	-
2	26	61177X	71	 	0	0	0	0	0	0	0	0	0	0	0	0	0	0	0
2	26	61178Y	71	 	0	0	0	0	0	0	0	0	0	0	0	0	0	0	0
2	26	61179Z	71	0	0	-	2	2	2	0	0	2	0	0	2	2	-	-	0
2	26	61181B	71	-	-	-	9	0	0	0	-	0	2	0	9	-	-	-	-
2	26	61182C	71	0	-	-	2	2	0	0	0	0	0	0	0	2	-	0	0
2	26	61183D	71	0	0	2	2	2	0	0	2	2	2	0	-	-	0	0	0
2	26	61184E	71	-	0	-	-	2	0	0	2	2	2	0	-	9	0	-	-
2	26	61185F	71	-	0	0	2	2	2	2	2	2	2	2	3	2	-	0	0
2	26	61186G	71	0	-	-	-	-	-	-	-	-	9	9	-	-	-	-	-
2	26	61187H	71	-	-	-	-	0	0	0	0	0	0	0	0	-	-	-	-
2	26	61188J	74	-	-	-	-	0	0	0	0	0	0	0	0	-	-	-	0
2	26	61189K	74	-	-	-	0	2	0	0	0	0	0	0	2	-	-	-	-
2	26	61190L	74	0	0	-	-	0	0	0	0	0	0	0	2	-	-	-	0
2	26	61192N	74	-	0	-	0	2	2	0	0	0	0	0	0	0	-	-	0
2	26	61193P	74	 	 	0	0	0	0	0	0	0	0	0	0	0	0	0	0
2	26	61194Q	74	-	0	0	9	0	0	0	0	2	0	0	0	-	0	0	-
2	26	61195R	74	-	-	-	0	0	0	0	0	0	0	0	0	-	-	-	-
2	26	61196S	79	 	 	0	0	0	0	0	0	0	0	0	0	0	0	0	0
2	26	61197T	79	 	 	0	0	0	0	0	0	0	0	0	0	0	0	0	0
2	26	61198V	79	-	-	-	2	3	2	2	0	0	0	2	2	2	-	-	-
2	26	61199W	79	-	0	0	2	0	0	2	2	2	2	0	2	-	2	0	-
2	26	61200X	79	 	0	0	0	0	0	0	0	0	0	0	0	0	0	0	0
2	26	61201Y	79	 	 	0	0	0	0	0	0	0	0	0	0	0	0	0	0
2	26	62202L	7	 	 	0	0	0	0	0	0	0	0	0	0	0	0	0	0
2	26	62203M	7	 	0	0	0	0	0	0	0	0	0	0	0	0	0	0	0
2	26	62204N	10	 	0	0	0	0	0	0	0	0	0	0	0	0	0	0	0
2	26	62205P	15	 	0	0	0	0	0	0	0	0	0	0	0	0	0	0	0
2	26	62206Q	15	 	0	0	0	0	0	0	0	0	0	0	0	0	0	0	0
2	26	62207R	23	-	-	-	0	-	-	-	-	-	-	2	-	0	9	-	-
2	26	62208S	23	 	0	0	0	0	0	0	0	0	0	0	0	0	0	0	0
2	26	62209T	23	 	0	0	0	0	0	0	0	0	0	0	0	0	0	0	0
2	26	62210V	26	 	0	0	0	0	0	0	0	0	0	0	0	0	0	0	0
2	26	62211W	26	 	0	0	0	0	0	0	0	0	0	0	0	0	0	0	0
2	26	62212X	26	 	0	0	0	0	0	0	0	0	0	0	0	0	0	0	0
2	26	62213Y	26	 	0	0	0	0	0	0	0	0	0	0	0	0	0	0	0
2	26	62214Z	26	 	0	0	0	0	0	0	0	0	0	0	0	0	0	0	0
2	26	62215A	31	-	-	-	-	-	9	-	-	-	-	2	-	-	-	-	-
2	26	62216B	31	 	0	0	0	0	0	0	0	0	0	0	0	0	0	0	0
2	26	62217C	31	 	0	0	0	0	0	0	0	0	0	0	0	0	0	0	0
2	26	62218D	31	 	 	0	0	0	0	0	0	0	0	0	0	0	0	0	0
2	26	62219E	31	 	0	0	0	0	0	0	0	0	0	0	0	0	0	0	0
2	26	62220F	39	 	0	0	0	0	0	0	0	0	0	0	0	0	0	0	0
2	26	62221G	42	-	-	0	-	3	3	-	-	-	-	-	0	9	-	-	-
2	26	62222H	42	-	-	-	-	-	0	-	-	-	-	-	-	-	-	-	-
2	26	62223J	42	-	-	-	-	-	9	9	9	9	-	9	-	-	-	-	0
2	26	62224K	47	 	0	0	0	0	0	0	0	0	0	0	0	0	0	0	0
2	26	62225L	47	-	-	-	0	0	0	0	0	0	0	0	0	-	-	-	0
2	26	62226M	47	 	0	0	0	0	0	0	0	0	0	0	0	0	0	0	0
2	26	62227N	55	 	0	0	0	0	0	0	0	0	0	0	0	0	0	0	0
2	26	62228P	58	 	0	0	0	0	0	0	0	0	0	0	0	0	0	0	0
2	26	62229Q	58	 	0	0	0	0	0	0	0	0	0	0	0	0	0	0	0
2	26	62230R	74	 	0	0	0	0	0	0	0	0	0	0	0	0	0	0	0
2	26	62231S	74	0	-	-	2	0	0	0	0	0	0	0	0	0	-	0	-
2	26	62232T	79	0	-	-	-	0	0	0	0	0	0	0	0	0	-	-	0
2	26	62233V	2	 	0	0	0	0	0	0	0	0	0	0	0	0	0	0	0
2	26	62235X	18	 	0	0	0	0	0	0	0	0	0	0	0	0	0	0	0
2	26	62236Y	18	-	-	-	9	9	2	2	2	2	2	9	9	-	-	-	-
2	26	62237Z	50	 	0	0	0	0	0	0	0	0	0	0	0	0	0	0	0
2	26	62238A	50	 	0	0	0	0	0	0	0	0	0	0	0	0	0	0	0
2	26	62240C	58	 	0	0	0	0	0	0	0	0	0	0	0	0	0	0	0
2	26	62241D	58	 	0	0	0	0	0	0	0	0	0	0	0	0	0	0	0
2	26	62242E	74	 	0	0	0	0	0	0	0	0	0	0	0	0	0	0	0
2	26	62243F	39	 	0	0	0	0	0	0	0	0	0	0	0	0	0	0	0
2	26	62244G	39	-	9	-	0	0	0	3	3	3	3	0	0	2	-	-	-
2	26	62245H	50	 	0	0	0	0	0	0	0	0	0	0	0	0	0	0	0
2	26	62246J	50	 	0	0	0	0	0	0	0	0	0	0	0	0	0	0	0
2	26	62247K	50	 	0	0	0	0	0	0	0	0	0	0	0	0	0	0	0
2	26	62248L	79	 	0	0	0	0	0	0	0	0	0	0	0	0	0	0	0
2	26	62249M	79	-	-	-	-	-	9	-	-	-	-	-	-	-	-	-	-
2	26	62250N	18	-	-	-	-	0	0	0	0	0	0	0	0	-	-	-	-
2	26	62252Q	18	 	0	0	0	0	0	0	0	0	0	0	0	0	0	0	0
2	26	62253R	55	 	0	0	0	0	0	0	0	0	0	0	0	0	0	0	0
3	26	71001A	6	 	0	0	0	0	0	0	0	0	0	0	0	0	0	0	0
3	26	71002B	6	 	0	0	0	0	0	0	0	0	0	0	0	0	0	0	0
3	26	71003C	6	-	-	-	2	2	2	2	2	2	2	0	2	2	-	-	-
3	26	71004D	6	-	-	0	-	2	0	2	2	2	2	0	-	-	2	-	-
3	26	71005E	6	 	0	0	0	0	0	0	0	0	0	0	0	0	0	0	0
3	26	71006F	6	 	0	0	0	0	0	0	0	0	0	0	0	0	0	0	0
3	26	71007G	6	 	0	0	0	0	0	0	0	0	0	0	0	0	0	0	0
3	26	71008H	6	 	0	0	0	0	0	0	0	0	0	0	0	0	0	0	0
3	26	71009J	6	 	0	0	0	0	0	0	0	0	0	0	0	0	0	0	0
3	26	71010K	6	 	 	0	0	0	0	0	0	0	0	0	0	0	0	0	0
3	26	71011L	6	 	 	0	0	0	0	0	0	0	0	0	0	0	0	0	0
3	26	71013N	6	 	 	0	0	0	0	0	0	0	0	0	0	0	0	0	0
3	26	71014P	6	 	 	0	0	0	0	0	0	0	0	0	0	0	0	0	0
3	26	71016R	11	-	-	2	0	-	2	0	2	2	2	2	3	-	9	-	9
3	26	71017S	11	 	 	0	0	0	0	0	0	0	0	0	0	0	0	0	0
3	26	71018T	11	0	-	-	-	-	0	-	-	-	-	2	2	-	-	-	2
3	26	71019V	11	 	 	0	0	0	0	0	0	0	0	0	0	0	0	0	0
3	26	71020W	11	 	 	0	0	0	0	0	0	0	0	0	0	0	0	0	0
3	26	71022Y	11	-	-	-	-	-	-	0	0	-	0	2	-	-	-	-	-
3	26	71023Z	11	 	 	0	0	0	0	0	0	0	0	0	0	0	0	0	0
3	26	71024A	14	 	0	0	0	0	0	0	0	0	0	0	0	0	0	0	0
3	26	71026C	14	-	-	-	-	2	0	0	0	0	0	0	3	-	-	-	-
3	26	71027D	14	 	0	0	0	0	0	0	0	0	0	0	0	0	0	0	0
3	26	71028E	14	 	0	0	0	0	0	0	0	0	0	0	0	0	0	0	0
3	26	71029F	14	 	0	0	0	0	0	0	0	0	0	0	0	0	0	0	0
3	26	71030G	14	 	0	0	0	0	0	0	0	0	0	0	0	0	0	0	0
3	26	71031H	14	-	-	-	-	-	0	0	-	0	0	0	-	-	-	-	-
3	26	71032J	14	-	0	-	9	-	0	0	0	0	0	0	0	0	-	9	0
3	26	71033K	14	-	-	-	-	0	0	0	0	0	0	0	0	-	-	-	-
3	26	71034L	14	 	 	0	0	0	0	0	0	0	0	0	0	0	0	0	0
3	26	71035M	19	-	-	-	-	2	0	0	0	0	0	0	0	0	-	-	-
3	26	71036N	19	 	 	0	0	0	0	0	0	0	0	0	0	0	0	0	0
3	26	71037P	19	-	-	-	-	-	2	-	-	-	-	-	2	-	-	-	-
3	26	71038Q	19	 	 	0	0	0	0	0	0	0	0	0	0	0	0	0	0
3	26	71039R	19	2	3	0	0	0	0	0	0	0	0	0	2	3	-	0	0
3	26	71041T	27	 	 	0	0	0	0	0	0	0	0	0	0	0	0	0	0
3	26	71042V	27	 	0	0	0	0	0	0	0	0	0	0	0	0	0	0	0
3	26	71043W	27	 	 	0	0	0	0	0	0	0	0	0	0	0	0	0	0
3	26	71044X	27	 	0	0	0	0	0	0	0	0	0	0	0	0	0	0	0
3	26	71045Y	27	 	0	0	0	0	0	0	0	0	0	0	0	0	0	0	0
3	26	71046Z	27	-	2	-	2	0	9	9	2	1	0	0	9	-	-	-	-
3	26	71047A	27	-	0	-	-	-	2	0	0	2	0	0	-	-	-	0	-
3	26	71048B	27	 	 	0	0	0	0	0	0	0	0	0	0	0	0	0	0
3	26	71049C	27	-	-	-	-	2	9	9	9	9	-	2	3	-	-	-	-
3	26	71050D	27	-	-	-	0	-	2	0	0	0	0	2	2	-	-	-	-
3	26	71052F	30	 	0	0	0	0	0	0	0	0	0	0	0	0	0	0	0
3	26	71053G	30	 	0	0	0	0	0	0	0	0	0	0	0	0	0	0	0
3	26	71054H	30	 	0	0	0	0	0	0	0	0	0	0	0	0	0	0	0
3	26	71056K	30	 	0	0	0	0	0	0	0	0	0	0	0	0	0	0	0
3	26	71057L	30	 	0	0	0	0	0	0	0	0	0	0	0	0	0	0	0
3	26	71058M	30	 	0	0	0	0	0	0	0	0	0	0	0	0	0	0	0
3	26	71059N	30	 	0	0	0	0	0	0	0	0	0	0	0	0	0	0	0
3	26	71060P	30	 	0	0	0	0	0	0	0	0	0	0	0	0	0	0	0
3	26	71061Q	30	-	-	9	-	2	0	0	0	0	0	0	1	1	9	-	-
3	26	71062R	30	-	-	-	-	-	2	2	-	-	-	2	0	0	-	-	-
3	26	71063S	30	 	0	0	0	0	0	0	0	0	0	0	0	0	0	0	0
3	26	71064T	35	-	2	-	2	2	2	-	-	-	2	2	3	-	-	-	-
3	26	71065V	35	 	0	0	0	0	0	0	0	0	0	0	0	0	0	0	0
3	26	71066W	35	 	0	0	0	0	0	0	0	0	0	0	0	0	0	0	0
3	26	71067X	35	-	-	2	0	-	0	0	2	2	2	0	2	0	0	0	-
3	26	71068Y	35	 	0	0	0	0	0	0	0	0	0	0	0	0	0	0	0
3	26	71069Z	35	 	0	0	0	0	0	0	0	0	0	0	0	0	0	0	0
3	26	71071B	35	-	-	-	-	-	2	2	2	2	2	2	-	-	-	-	-
3	26	71072C	38	-	-	-	3	3	2	2	3	2	3	3	-	3	-	9	-
3	26	71073D	38	 	0	0	0	0	0	0	0	0	0	0	0	0	0	0	0
3	26	71074E	38	-	0	-	-	0	0	0	0	-	0	0	9	9	-	-	-
3	26	71075F	38	 	0	0	0	0	0	0	0	0	0	0	0	0	0	0	0
3	26	71077H	38	 	0	0	0	0	0	0	0	0	0	0	0	0	0	0	0
3	26	71078J	38	 	0	0	0	0	0	0	0	0	0	0	0	0	0	0	0
3	26	71079K	38	 	0	0	0	0	0	0	0	0	0	0	0	0	0	0	0
3	26	71080L	38	 	0	0	0	0	0	0	0	0	0	0	0	0	0	0	0
3	26	71081M	38	2	-	-	0	0	0	0	0	0	0	0	0	0	-	-	-
3	26	71083P	43	 	0	0	0	0	0	0	0	0	0	0	0	0	0	0	0
3	26	71084Q	43	-	-	-	-	3	0	3	3	3	3	3	-	2	-	0	-
3	26	71085R	43	 	0	0	0	0	0	0	0	0	0	0	0	0	0	0	0
3	26	71086S	43	9	9	9	2	2	0	0	3	3	2	4	3	3	9	-	-
3	26	71087T	43	 	0	0	0	0	0	0	0	0	0	0	0	0	0	0	0
3	26	71088V	43	 	0	0	0	0	0	0	0	0	0	0	0	0	0	0	0
3	26	71089W	43	-	0	-	0	0	0	0	2	2	2	0	0	0	-	0	-
3	26	71090X	43	-	-	-	-	0	3	2	2	2	2	2	0	-	-	-	-
3	26	71091Y	43	0	0	0	2	-	0	0	2	2	2	0	2	-	-	0	0
3	26	71092Z	43	 	0	0	0	0	0	0	0	0	0	0	0	0	0	0	0
3	26	71093A	43	-	-	9	-	-	0	2	0	0	0	0	0	0	-	0	-
3	26	71094B	43	 	0	0	0	0	0	0	0	0	0	0	0	0	0	0	0
3	26	71095C	46	 	0	0	0	0	0	0	0	0	0	0	0	0	0	0	0
3	26	71097E	46	-	-	-	-	0	0	0	0	0	0	0	0	0	-	-	-
3	26	71099G	46	 	0	0	0	0	0	0	0	0	0	0	0	0	0	0	0
3	26	71100H	46	 	0	0	0	0	0	0	0	0	0	0	0	0	0	0	0
3	26	71101J	46	-	-	-	-	0	0	0	0	0	0	0	0	-	-	-	-
3	26	71102K	46	-	-	-	0	3	2	0	0	0	0	0	0	0	-	-	-
3	26	71103L	46	0	-	-	0	0	0	2	0	0	0	0	0	-	-	-	0
3	26	71104M	46	-	0	-	-	-	0	9	9	0	0	0	9	-	-	-	-
3	26	71105N	46	-	0	2	-	2	0	0	0	0	0	0	2	0	-	-	-
3	26	71107Q	46	-	0	-	0	0	0	0	0	0	0	9	9	2	0	0	-
3	26	71108R	51	 	0	0	0	0	0	0	0	0	0	0	0	0	0	0	0
3	26	71109S	51	 	0	0	0	0	0	0	0	0	0	0	0	0	0	0	0
3	26	71112W	51	-	-	-	9	0	0	0	-	-	0	2	-	-	-	-	-
3	26	71113X	51	 	0	0	0	0	0	0	0	0	0	0	0	0	0	0	0
3	26	71114Y	51	 	0	0	0	0	0	0	0	0	0	0	0	0	0	0	0
3	26	71116A	51	-	-	-	-	-	0	-	-	-	-	-	0	-	-	-	-
3	26	71118C	54	 	0	0	0	0	0	0	0	0	0	0	0	0	0	0	0
3	26	71119D	54	 	0	0	0	0	0	0	0	0	0	0	0	0	0	0	0
3	26	71120E	54	 	0	0	0	0	0	0	0	0	0	0	0	0	0	0	0
3	26	71121F	54	-	-	-	9	9	0	-	-	-	-	0	2	-	-	-	-
3	26	71122G	54	0	-	-	-	0	0	0	0	0	0	0	0	-	-	2	-
3	26	71123H	54	-	-	2	3	2	-	-	-	-	-	-	2	-	2	2	-
3	26	71124J	54	 	0	0	0	0	0	0	0	0	0	0	0	0	0	0	0
3	26	71125K	54	0	2	2	0	2	0	0	0	0	0	0	2	2	-	2	0
3	26	71126L	54	-	-	-	-	-	2	2	2	2	2	0	2	-	-	-	-
3	26	71127M	54	-	-	-	-	-	2	0	0	0	0	0	9	9	-	-	-
3	26	71128N	54	 	0	0	0	0	0	0	0	0	0	0	0	0	0	0	0
3	26	71129P	54	 	0	0	0	0	0	0	0	0	0	0	0	0	0	0	0
3	26	71130Q	59	 	0	0	0	0	0	0	0	0	0	0	0	0	0	0	0
3	26	71131R	62	 	0	0	0	0	0	0	0	0	0	0	0	0	0	0	0
3	26	71132S	62	-	9	-	2	0	0	0	0	0	0	0	-	0	0	0	-
3	26	71133T	62	-	0	-	9	9	0	0	0	0	-	0	9	-	-	-	0
3	26	71134V	62	0	2	-	0	3	0	2	3	2	9	9	9	4	-	9	0
3	26	71135W	62	-	-	-	-	-	0	-	-	-	-	3	4	-	-	-	-
3	26	71136X	62	-	9	-	9	9	0	0	0	0	0	0	-	9	-	0	9
3	26	71137Y	62	-	0	-	0	0	0	0	0	0	0	0	0	-	-	-	-
3	26	71138Z	62	 	0	0	0	0	0	0	0	0	0	0	0	0	0	0	0
3	26	71139A	62	 	0	0	0	0	0	0	0	0	0	0	0	0	0	0	0
3	26	71140B	62	 	0	0	0	0	0	0	0	0	0	0	0	0	0	0	0
3	26	71141C	67	-	-	-	9	9	9	2	2	2	2	3	3	-	2	9	0
3	26	71142D	67	-	-	9	-	0	0	0	0	0	0	0	2	9	-	-	-
3	26	71143E	67	0	0	-	2	2	2	2	2	2	2	2	2	2	-	0	-
3	26	71144F	67	-	-	-	-	-	-	-	-	-	-	2	-	-	-	-	-
3	26	71145G	67	-	-	-	9	9	0	0	0	0	0	2	2	2	-	-	-
3	26	71146H	70	-	-	-	-	0	0	-	-	-	-	0	0	0	-	-	-
3	26	71147J	70	0	-	-	-	-	0	-	-	-	-	0	0	-	-	-	-
3	26	71148K	70	 	0	0	0	0	0	0	0	0	0	0	0	0	0	0	0
3	26	71149L	70	 	0	0	0	0	0	0	0	0	0	0	0	0	0	0	0
3	26	71151N	70	-	0	-	0	0	0	0	0	0	0	3	-	4	-	-	0
3	26	71152P	70	-	-	-	0	0	0	0	0	0	-	0	0	0	-	-	-
3	26	71153Q	70	 	0	0	0	0	0	0	0	0	0	0	0	0	0	0	0
3	26	71154R	70	0	-	-	9	9	0	0	0	0	0	9	9	9	-	-	0
3	26	71155S	70	-	-	-	-	-	2	0	0	0	0	9	9	-	-	0	-
3	26	71156T	70	 	0	0	0	0	0	0	0	0	0	0	0	0	0	0	0
3	26	71157V	75	 	0	0	0	0	0	0	0	0	0	0	0	0	0	0	0
3	26	71158W	75	 	0	0	0	0	0	0	0	0	0	0	0	0	0	0	0
3	26	71159X	75	 	0	0	0	0	0	0	0	0	0	0	0	0	0	0	0
3	26	71160Y	75	0	9	-	2	2	0	0	2	0	2	2	0	0	-	9	-
3	26	71161Z	75	9	-	2	2	2	2	0	2	2	0	0	2	0	2	2	2
3	26	71162A	75	 	0	0	0	0	0	0	0	0	0	0	0	0	0	0	0
3	26	71163B	75	-	0	-	-	-	0	0	-	-	-	0	0	-	-	-	-
3	26	71164C	75	-	-	-	2	0	0	-	-	-	-	-	-	-	-	-	-
3	26	71165D	75	 	0	0	0	0	0	0	0	0	0	0	0	0	0	0	0
3	26	71166E	75	 	0	0	0	0	0	0	0	0	0	0	0	0	0	0	0
3	26	71167F	78	0	0	-	-	0	0	0	0	2	2	0	0	2	2	-	-
3	26	71168G	78	 	0	0	0	0	0	0	0	0	0	0	0	0	0	0	0
3	26	71169H	78	-	0	0	-	2	0	0	0	0	0	0	0	0	0	0	-
3	26	71170J	78	-	-	-	-	2	0	2	2	0	0	0	0	2	0	0	-
3	26	71171K	78	-	0	9	-	0	0	0	0	0	2	0	0	-	2	2	-
3	26	71172L	3	 	0	0	0	0	0	0	0	0	0	0	0	0	0	0	0
3	26	71173M	3	 	0	0	0	0	0	0	0	0	0	0	0	0	0	0	0
3	26	71174N	3	 	0	0	0	0	0	0	0	0	0	0	0	0	0	0	0
3	26	71175P	3	-	-	-	-	3	0	0	0	0	0	0	2	2	-	-	-
3	26	71176Q	3	-	-	2	2	0	0	0	0	0	0	0	9	2	2	-	-
3	26	71178S	3	 	0	0	0	0	0	0	0	0	0	0	0	0	0	0	0
3	26	71179T	3	 	0	0	0	0	0	0	0	0	0	0	0	0	0	0	0
3	26	71235E	22	 	0	0	0	0	0	0	0	0	0	0	0	0	0	0	0
3	26	71236F	22	 	0	0	0	0	0	0	0	0	0	0	0	0	0	0	0
3	26	71237G	22	 	0	0	0	0	0	0	0	0	0	0	0	0	0	0	0
3	26	71238H	22	-	-	-	-	-	0	-	-	-	-	-	-	-	-	-	-
3	26	71239J	22	0	9	-	9	3	0	2	2	2	2	0	3	9	-	-	-
3	26	71240K	22	 	 	0	0	0	0	0	0	0	0	0	0	0	0	0	0
3	26	71241L	22	-	-	-	-	0	0	0	0	0	0	2	-	9	-	9	-
3	26	71242M	22	 	0	0	0	0	0	0	0	0	0	0	0	0	0	0	0
3	26	71243N	59	 	0	0	0	0	0	0	0	0	0	0	0	0	0	0	0
3	26	71244P	59	-	0	-	-	1	0	0	1	1	1	0	2	-	-	-	-
3	26	71245Q	19	-	-	-	-	-	0	2	0	0	0	0	-	-	-	-	-
3	26	71246R	67	-	0	0	0	-	0	0	0	0	0	0	-	0	9	9	0
3	26	71247S	67	0	0	2	0	2	0	0	0	0	0	0	9	0	9	9	0
3	26	71249V	19	 	0	0	0	0	0	0	0	0	0	0	0	0	0	0	0
3	26	71250W	22	 	0	0	0	0	0	0	0	0	0	0	0	0	0	0	0
3	26	71251X	22	 	0	0	0	0	0	0	0	0	0	0	0	0	0	0	0
3	26	71252Y	67	-	-	-	-	0	0	2	2	2	2	2	0	9	9	9	-
3	26	71253Z	67	-	-	-	-	-	0	2	2	2	2	2	-	-	-	-	-
3	26	71254A	67	-	-	-	9	0	0	-	-	-	9	9	0	-	-	-	-
3	26	71255B	67	-	-	-	-	-	0	-	-	-	-	0	-	-	-	-	-
3	26	71268Q	27	 	0	0	0	0	0	0	0	0	0	0	0	0	0	0	0
3	26	71269R	27	 	0	0	0	0	0	0	0	0	0	0	0	0	0	0	0
3	26	71270S	38	 	0	0	0	0	0	0	0	0	0	0	0	0	0	0	0
3	26	72180G	3	 	0	0	0	0	0	0	0	0	0	0	0	0	0	0	0
3	26	72181H	3	 	0	0	0	0	0	0	0	0	0	0	0	0	0	0	0
3	26	72182J	3	 	0	0	0	0	0	0	0	0	0	0	0	0	0	0	0
3	26	72183K	3	 	0	0	0	0	0	0	0	0	0	0	0	0	0	0	0
3	26	72184L	3	0	2	-	2	2	2	3	3	2	2	9	9	2	-	-	-
3	26	72185M	6	 	0	0	0	0	0	0	0	0	0	0	0	0	0	0	0
3	26	72186N	6	 	0	0	0	0	0	0	0	0	0	0	0	0	0	0	0
3	26	72187P	11	-	-	-	-	-	-	0	0	9	0	-	2	-	-	-	-
3	26	72188Q	11	3	-	-	-	3	1	-	-	-	-	1	2	-	-	-	-
3	26	72189R	11	 	0	0	0	0	0	0	0	0	0	0	0	0	0	0	0
3	26	72190S	11	 	0	0	0	0	0	0	0	0	0	0	0	0	0	0	0
3	26	72191T	14	 	0	0	0	0	0	0	0	0	0	0	0	0	0	0	0
3	26	72192V	14	 	0	0	0	0	0	0	0	0	0	0	0	0	0	0	0
3	26	72193W	14	 	0	0	0	0	0	0	0	0	0	0	0	0	0	0	0
3	26	72194X	22	-	-	-	-	-	0	-	-	-	-	-	-	-	-	-	-
3	26	72195Y	22	-	-	-	0	-	0	0	0	3	2	0	0	0	-	-	3
3	26	72196Z	22	 	 	0	0	0	0	0	0	0	0	0	0	0	0	0	0
3	26	72197A	22	-	-	-	-	0	-	2	2	2	0	0	0	-	-	-	-
3	26	72198B	22	 	0	0	0	0	0	0	0	0	0	0	0	0	0	0	0
3	26	72199C	27	 	0	0	0	0	0	0	0	0	0	0	0	0	0	0	0
3	26	72200D	27	 	0	0	0	0	0	0	0	0	0	0	0	0	0	0	0
3	26	72201E	30	 	0	0	0	0	0	0	0	0	0	0	0	0	0	0	0
3	26	72202F	35	 	0	0	0	0	0	0	0	0	0	0	0	0	0	0	0
3	26	72203G	35	 	0	0	0	0	0	0	0	0	0	0	0	0	0	0	0
3	26	72204H	35	 	0	0	0	0	0	0	0	0	0	0	0	0	0	0	0
3	26	72205J	38	 	0	0	0	0	0	0	0	0	0	0	0	0	0	0	0
3	26	72206K	46	 	0	0	0	0	0	0	0	0	0	0	0	0	0	0	0
3	26	72207L	46	-	-	-	-	9	2	0	0	2	3	3	9	-	-	-	-
3	26	72208M	46	-	-	-	-	-	0	0	0	0	0	0	-	-	-	-	-
3	26	72209N	54	 	0	0	0	0	0	0	0	0	0	0	0	0	0	0	0
3	26	72210P	54	 	0	0	0	0	0	0	0	0	0	0	0	0	0	0	0
3	26	72211Q	59	 	0	0	0	0	0	0	0	0	0	0	0	0	0	0	0
3	26	72212R	59	 	0	0	0	0	0	0	0	0	0	0	0	0	0	0	0
3	26	72213S	62	 	0	0	0	0	0	0	0	0	0	0	0	0	0	0	0
3	26	72214T	62	-	-	-	-	0	0	-	-	-	-	0	0	-	-	-	-
3	26	72215V	75	 	0	0	0	0	0	0	0	0	0	0	0	0	0	0	0
3	26	72217X	75	 	 	 	 	 	 	 	 	-	-	-	0	0	0	-	-
3	26	72220A	78	 	0	0	0	0	0	0	0	0	0	0	0	0	0	0	0
3	26	72221B	30	 	0	0	0	0	0	0	0	0	0	0	0	0	0	0	0
3	26	72222C	30	-	-	0	0	2	2	0	2	2	0	0	2	3	-	-	-
3	26	72223D	30	 	0	0	0	0	0	0	0	0	0	0	0	0	0	0	0
3	26	72224E	35	-	9	-	-	9	9	2	2	2	2	2	-	2	-	9	-
3	26	72225F	35	 	0	0	0	0	0	0	0	0	0	0	0	0	0	0	0
3	26	72226G	35	-	-	-	-	9	2	2	2	2	9	9	-	-	-	-	-
3	26	72227H	43	-	9	-	-	-	0	0	2	-	-	-	-	-	-	0	-
3	26	72228J	51	 	0	0	0	0	0	0	0	0	0	0	0	0	0	0	0
3	26	72229K	51	 	0	0	0	0	0	0	0	0	0	0	0	0	0	0	0
3	26	72230L	51	 	0	0	0	0	0	0	0	0	0	0	0	0	0	0	0
3	26	72231M	43	 	0	0	0	0	0	0	0	0	0	0	0	0	0	0	0
3	26	72232N	43	 	0	0	0	0	0	0	0	0	0	0	0	0	0	0	0
3	26	72233P	59	 	0	0	0	0	0	0	0	0	0	0	0	0	0	0	0
3	26	72234Q	75	 	0	0	0	0	0	0	0	0	0	0	0	0	0	0	0
3	26	72260T	38	-	-	0	-	0	0	0	0	0	0	0	-	0	0	-	-
3	26	72262W	67	 	0	0	0	0	0	0	0	0	0	0	0	0	0	0	0
3	26	72263X	67	 	0	0	0	0	0	0	0	0	0	0	0	0	0	0	0
3	26	72264Y	70	 	0	0	0	0	0	0	0	0	0	0	0	0	0	0	0
3	26	72265Z	70	-	-	-	-	2	0	0	2	0	0	0	-	-	-	-	-
3	26	72266A	70	-	-	-	-	-	0	0	-	-	0	0	0	-	-	-	-
3	26	72274J	35	 	0	0	0	0	0	0	0	0	0	0	0	0	0	0	0
3	26	72275K	35	 	0	0	0	0	0	0	0	0	0	0	0	0	0	0	0
3	26	72276L	38	-	-	3	-	0	0	0	0	0	0	0	0	0	2	-	-
4	26	71257D	3	-	-	-	-	2	0	2	2	2	2	0	2	2	-	-	-
4	26	71258E	3	 	0	0	0	0	0	0	0	0	0	0	0	0	0	0	0
4	26	71259F	3	 	0	0	0	0	0	0	0	0	0	0	0	0	0	0	0
4	26	71272V	62	0	0	-	2	2	0	0	0	0	0	0	3	-	-	0	0
4	26	81001V	4	 	 	0	0	0	0	0	0	0	0	0	0	0	0	0	0
4	26	81002W	4	 	0	0	0	0	0	0	0	0	0	0	0	0	0	0	0
4	26	81003X	4	-	0	-	-	2	0	0	0	0	0	0	2	0	-	-	-
4	26	81004Y	4	 	0	0	0	0	0	0	0	0	0	0	0	0	0	0	0
4	26	81005Z	4	 	0	0	0	0	0	0	0	0	0	0	0	0	0	0	0
4	26	81006A	4	-	9	0	0	2	9	9	9	9	3	2	9	9	-	-	-
4	26	81007B	4	-	0	-	2	0	0	0	0	0	0	0	0	0	-	0	0
4	26	81008C	4	 	0	0	0	0	0	0	0	0	0	0	0	0	0	0	0
4	26	81009D	4	 	0	0	0	0	0	0	0	0	0	0	0	0	0	0	0
4	26	81012G	5	 	0	0	0	0	0	0	0	0	0	0	0	0	0	0	0
4	26	81014J	5	 	0	0	0	0	0	0	0	0	0	0	0	0	0	0	0
4	26	81015K	5	 	0	0	0	0	0	0	0	0	0	0	0	0	0	0	0
4	26	81016L	5	-	-	-	-	-	2	-	2	2	0	-	0	-	-	-	-
4	26	81017M	5	0	-	2	0	0	0	0	0	0	0	0	0	0	-	-	0
4	26	81018N	5	0	-	-	2	2	0	0	0	2	0	0	0	0	-	-	0
4	26	81020Q	12	 	 	0	0	0	0	0	0	0	0	0	0	0	0	0	0
4	26	81021R	12	-	-	-	-	9	9	2	2	2	2	9	9	-	-	-	-
4	26	81022S	12	 	 	0	0	0	0	0	0	0	0	0	0	0	0	0	0
4	26	81023T	12	-	9	-	2	2	2	2	3	2	2	2	2	2	-	-	-
4	26	81024V	12	 	0	0	0	0	0	0	0	0	0	0	0	0	0	0	0
4	26	81025W	12	 	0	0	0	0	0	0	0	0	0	0	0	0	0	0	0
4	26	81026X	12	-	-	-	-	3	3	-	-	-	-	9	9	-	2	-	-
4	26	81027Y	12	-	-	-	2	2	2	2	2	9	2	2	-	-	-	-	-
4	26	81028Z	12	-	-	2	2	9	2	2	2	2	0	2	2	2	2	-	0
4	26	81029A	12	-	-	-	-	-	9	9	2	2	0	9	9	-	-	-	-
4	26	81030B	12	 	0	0	0	0	0	0	0	0	0	0	0	0	0	0	0
4	26	81032D	13	 	0	0	0	0	0	0	0	0	0	0	0	0	0	0	0
4	26	81033E	13	 	0	0	0	0	0	0	0	0	0	0	0	0	0	0	0
4	26	81034F	13	 	0	0	0	0	0	0	0	0	0	0	0	0	0	0	0
4	26	81037J	13	 	0	0	0	0	0	0	0	0	0	0	0	0	0	0	0
4	26	81038K	13	 	0	0	0	0	0	0	0	0	0	0	0	0	0	0	0
4	26	81039L	13	-	-	-	-	-	3	9	-	3	9	3	-	-	-	2	-
4	26	81041N	13	-	-	-	2	9	2	0	0	9	0	0	0	-	-	-	-
4	26	81042P	20	0	-	-	2	0	0	0	0	2	2	0	0	-	-	-	-
4	26	81043Q	20	-	-	-	3	-	3	3	3	3	3	3	3	2	-	-	0
4	26	81044R	20	-	0	-	-	2	0	2	2	2	2	0	0	0	-	-	0
4	26	81045S	20	 	0	0	0	0	0	0	0	0	0	0	0	0	0	0	0
4	26	81046T	20	 	0	0	0	0	0	0	0	0	0	0	0	0	0	0	0
4	26	81047V	21	 	0	0	0	0	0	0	0	0	0	0	0	0	0	0	0
4	26	81048W	21	 	0	0	0	0	0	0	0	0	0	0	0	0	0	0	0
4	26	81049X	21	 	0	0	0	0	0	0	0	0	0	0	0	0	0	0	0
4	26	81050Y	21	-	-	-	-	-	0	0	0	0	0	0	0	-	-	-	-
4	26	81051Z	21	 	0	0	0	0	0	0	0	0	0	0	0	0	0	0	0
4	26	81055D	21	0	-	-	0	0	0	0	0	0	0	0	0	0	-	0	-
4	26	81056E	21	-	-	-	-	-	-	2	-	2	2	0	-	-	-	-	-
4	26	81057F	21	-	0	0	-	0	0	2	2	2	2	2	-	0	-	0	-
4	26	81058G	21	0	0	-	0	-	2	0	0	0	0	2	-	0	-	0	0
4	26	81059H	21	 	0	0	0	0	0	0	0	0	0	0	0	0	0	0	0
4	26	81060J	21	-	-	-	-	0	0	0	0	0	0	0	0	-	-	-	-
4	26	81061K	21	-	-	-	0	0	0	0	0	0	0	0	2	2	-	-	-
4	26	81062L	21	-	-	-	-	0	0	0	0	0	0	0	2	-	-	-	-
4	26	81063M	21	 	0	0	0	0	0	0	0	0	0	0	0	0	0	0	0
4	26	81065P	28	-	2	-	-	3	0	2	2	2	2	2	3	-	0	0	-
4	26	81066Q	28	9	-	-	-	2	2	2	-	-	3	0	2	-	3	0	2
4	26	81067R	28	0	0	2	0	2	2	0	0	0	0	0	2	3	-	-	0
4	26	81068S	28	 	0	0	0	0	0	0	0	0	0	0	0	0	0	0	0
4	26	81069T	28	0	-	-	-	9	2	0	0	2	2	2	2	2	-	0	-
4	26	81070V	28	-	-	-	-	2	0	0	0	2	0	0	2	2	-	-	-
4	26	81071W	28	 	 	0	0	0	0	0	0	0	0	0	0	0	0	0	0
4	26	81072X	29	 	 	0	0	0	0	0	0	0	0	0	0	0	0	0	0
4	26	81073Y	29	-	-	-	-	2	0	0	0	0	2	0	2	-	2	2	-
4	26	81074Z	29	-	-	-	-	3	2	-	-	-	-	2	-	-	-	-	-
4	26	81075A	29	 	 	0	0	0	0	0	0	0	0	0	0	0	0	0	0
4	26	81076B	29	-	2	-	2	2	0	2	0	2	0	0	3	2	2	2	-
4	26	81077C	29	 	 	0	0	0	0	0	0	0	0	0	0	0	0	0	0
4	26	81078D	29	 	 	0	0	0	0	0	0	0	0	0	0	0	0	0	0
4	26	81079E	36	-	-	-	-	-	3	0	-	2	2	0	-	-	-	-	-
4	26	81080F	36	 	0	0	0	0	0	0	0	0	0	0	0	0	0	0	0
4	26	81081G	36	0	-	-	0	0	0	0	0	0	0	0	0	0	2	-	-
4	26	81083J	36	-	-	0	0	2	0	2	2	3	0	2	2	-	-	2	0
4	26	81084K	36	 	0	0	0	0	0	0	0	0	0	0	0	0	0	0	0
4	26	81085L	36	 	0	0	0	0	0	0	0	0	0	0	0	0	0	0	0
4	26	81086M	36	-	0	0	0	2	0	0	2	2	0	0	2	0	0	-	0
4	26	81087N	36	-	-	-	-	-	0	0	0	0	0	0	-	0	-	-	-
4	26	81088P	36	-	0	0	0	0	0	0	2	2	2	0	0	0	-	0	0
4	26	81089Q	36	 	0	0	0	0	0	0	0	0	0	0	0	0	0	0	0
4	26	81090R	36	0	0	3	0	0	0	0	0	0	0	0	0	0	0	0	0
4	26	81091S	37	 	0	0	0	0	0	0	0	0	0	0	0	0	0	0	0
4	26	81092T	37	 	0	0	0	0	0	0	0	0	0	0	0	0	0	0	0
4	26	81093V	37	-	-	-	-	2	-	-	-	-	-	0	-	-	-	-	-
4	26	81094W	37	-	-	-	-	-	-	-	-	-	-	0	-	-	-	-	-
4	26	81095X	37	-	-	-	4	3	2	3	3	3	3	2	2	3	-	0	-
4	26	81096Y	37	-	-	-	-	-	9	-	-	-	-	0	-	-	-	-	-
4	26	81097Z	37	-	-	0	-	-	-	-	0	0	0	0	0	0	-	-	-
4	26	81098A	37	-	0	0	0	0	0	0	0	0	0	0	0	0	-	0	-
4	26	81100C	44	0	0	-	0	2	0	0	0	0	2	2	2	-	-	2	0
4	26	81101D	44	-	-	-	-	-	2	3	0	0	2	0	0	2	-	0	-
4	26	81102E	44	0	0	-	2	2	2	-	-	-	2	2	0	2	-	-	0
4	26	81103F	44	 	0	0	0	0	0	0	0	0	0	0	0	0	0	0	0
4	26	81104G	44	-	-	-	-	0	2	-	2	2	-	-	2	-	-	-	-
4	26	81105H	44	 	0	0	0	0	0	0	0	0	0	0	0	0	0	0	0
4	26	81106J	44	-	-	-	-	2	0	0	-	-	-	-	2	-	-	-	-
4	26	81107K	44	-	0	-	2	2	0	2	0	2	2	0	2	2	-	-	-
4	26	81108L	44	-	0	9	2	-	0	2	2	0	2	0	0	2	2	0	-
4	26	81109M	44	-	0	-	0	0	0	0	0	0	0	0	0	-	-	0	0
4	26	81110N	44	0	-	-	-	2	0	2	2	2	0	0	9	-	-	-	0
4	26	81111P	44	-	-	-	-	2	0	0	0	0	0	0	2	-	-	-	-
4	26	81112Q	44	 	0	0	0	0	0	0	0	0	0	0	0	0	0	0	0
4	26	81113R	45	-	-	-	-	2	2	2	0	2	2	-	0	-	-	-	-
4	26	81114S	45	0	-	-	0	0	0	0	0	0	0	0	0	-	-	-	-
4	26	81115T	45	 	0	0	0	0	0	0	0	0	0	0	0	0	0	0	0
4	26	81116V	45	 	0	0	0	0	0	0	0	0	0	0	0	0	0	0	0
4	26	81118X	45	-	-	-	-	-	0	0	0	0	0	-	-	-	-	-	-
4	26	81119Y	45	-	-	-	2	2	-	-	-	-	-	-	-	0	2	-	-
4	26	81120Z	45	-	-	-	-	0	0	0	0	0	0	0	0	-	-	-	-
4	26	81121A	45	 	0	0	0	0	0	0	0	0	0	0	0	0	0	0	0
4	26	81122B	45	 	0	0	0	0	0	0	0	0	0	0	0	0	0	0	0
4	26	81123C	45	-	3	-	3	2	2	2	2	2	2	2	2	3	-	-	2
4	26	81124D	45	-	0	-	-	-	0	0	0	0	0	0	-	-	-	-	-
4	26	81125E	45	 	0	0	0	0	0	0	0	0	0	0	0	0	0	0	0
4	26	81126F	45	 	0	0	0	0	0	0	0	0	0	0	0	0	0	0	0
4	26	81127G	45	-	-	-	-	2	2	-	-	-	-	0	-	-	-	-	-
4	26	81128H	45	 	0	0	0	0	0	0	0	0	0	0	0	0	0	0	0
4	26	81129J	45	 	 	 	0	0	0	0	0	0	0	0	0	0	0	0	0
4	26	81130K	45	-	0	-	0	0	0	0	0	0	0	0	0	-	0	-	0
4	26	81131L	52	-	-	-	2	0	0	-	-	-	-	0	9	-	-	0	-
4	26	81133N	52	-	-	-	-	-	9	0	3	3	9	9	-	-	-	-	-
4	26	81134P	52	9	9	-	-	2	0	0	2	2	2	9	9	0	9	-	-
4	26	81135Q	52	-	0	-	-	3	2	0	0	0	2	2	9	-	-	0	-
4	26	81137S	52	0	0	-	2	2	0	0	0	0	0	0	0	0	0	0	0
4	26	81138T	52	-	-	-	0	-	0	0	0	0	-	-	-	-	-	-	-
4	26	81139V	52	 	0	0	0	0	0	0	0	0	0	0	0	0	0	0	0
4	26	81141X	53	 	0	0	0	0	0	0	0	0	0	0	0	0	0	0	0
4	26	81142Y	53	-	-	-	-	-	3	2	2	2	3	3	-	-	-	-	-
4	26	81143Z	53	9	9	2	9	9	2	2	2	2	0	0	0	0	0	-	0
4	26	81144A	53	 	 	0	0	0	0	0	0	0	0	0	0	0	0	0	0
4	26	81145B	53	-	-	-	-	0	2	0	2	2	0	2	2	-	-	0	-
4	26	81146C	53	-	-	-	9	9	9	2	2	2	2	2	9	9	9	-	9
4	26	81148E	53	-	0	2	0	0	0	0	0	0	0	0	0	0	2	0	-
4	26	81149F	53	-	-	2	2	0	0	0	0	0	2	0	2	2	-	-	-
4	26	81150G	53	 	 	0	0	0	0	0	0	0	0	0	0	0	0	0	0
4	26	81151H	53	 	0	0	0	0	0	0	0	0	0	0	0	0	0	0	0
4	26	81152J	60	 	0	0	0	0	0	0	0	0	0	0	0	0	0	0	0
4	26	81153K	60	-	-	-	-	9	2	-	2	2	2	-	-	-	-	-	-
4	26	81155M	60	-	-	-	-	2	2	-	-	-	-	2	9	-	-	-	-
4	26	81156N	60	-	2	-	0	0	0	0	0	0	0	0	0	0	-	-	-
4	26	81158Q	60	 	0	0	0	0	0	0	0	0	0	0	0	0	0	0	0
4	26	81160S	60	 	0	0	0	0	0	0	0	0	0	0	0	0	0	0	0
4	26	81161T	60	-	-	-	-	9	2	2	2	2	0	9	9	-	-	-	-
4	26	81162V	61	-	-	-	3	3	3	2	2	2	2	0	0	-	0	-	-
4	26	81163W	61	-	0	-	-	-	-	0	9	9	9	0	2	0	-	-	0
4	26	81165Y	61	-	-	-	-	0	0	0	0	0	2	2	9	-	-	-	-
4	26	81166Z	61	 	0	0	0	0	0	0	0	0	0	0	0	0	0	0	0
4	26	81167A	61	-	-	0	0	-	0	0	0	2	2	-	-	2	-	-	-
4	26	81168B	61	 	0	0	0	0	0	0	0	0	0	0	0	0	0	0	0
4	26	81170D	61	-	0	-	0	0	0	0	-	0	0	0	2	0	-	0	0
4	26	81171E	61	 	0	0	0	0	0	0	0	0	0	0	0	0	0	0	0
4	26	81172F	68	 	0	0	0	0	0	0	0	0	0	0	0	0	0	0	0
4	26	81173G	68	 	0	0	0	0	0	0	0	0	0	0	0	0	0	0	0
4	26	81174H	68	 	0	0	0	0	0	0	0	0	0	0	0	0	0	0	0
4	26	81175J	68	 	0	0	0	0	0	0	0	0	0	0	0	0	0	0	0
4	26	81176K	68	-	-	-	-	-	2	2	2	3	2	2	2	-	-	-	-
4	26	81177L	68	 	0	0	0	0	0	0	0	0	0	0	0	0	0	0	0
4	26	81178M	68	-	-	-	-	2	0	2	2	2	2	0	0	-	-	-	2
4	26	81179N	68	-	-	-	0	0	0	0	0	0	0	0	0	-	-	-	-
4	26	81180P	69	0	0	-	-	2	0	0	0	0	0	0	2	-	-	-	0
4	26	81181Q	69	-	-	-	-	0	0	-	-	-	-	0	0	0	-	-	0
4	26	81183S	69	0	-	-	9	9	0	0	2	2	2	2	-	-	-	-	-
4	26	81184T	69	-	-	-	2	2	0	0	2	0	2	0	-	2	-	-	-
4	26	81186W	69	-	-	-	9	0	0	0	0	0	0	0	-	-	-	-	-
4	26	81187X	69	-	-	-	2	2	2	2	2	2	2	0	2	2	-	-	-
4	26	81188Y	69	 	0	0	0	0	0	0	0	0	0	0	0	0	0	0	0
4	26	81189Z	69	-	-	-	-	0	0	-	-	-	-	0	-	-	-	-	-
4	26	81190A	76	-	-	-	9	2	3	-	3	3	-	3	3	-	-	-	-
4	26	81191B	76	 	 	 	 	 	2	 	0	0	0	0	0	0	0	0	0
4	26	81192C	76	-	-	-	-	-	2	2	2	2	2	0	-	-	-	-	-
4	26	81193D	76	-	0	0	0	0	0	0	0	-	2	0	9	9	-	-	-
4	26	81194E	76	-	-	9	9	9	9	-	-	9	9	9	9	9	9	-	-
4	26	81195F	76	 	0	0	0	0	0	0	0	0	0	0	0	0	0	0	0
4	26	81196G	76	 	0	0	0	0	0	0	0	0	0	0	0	0	0	0	0
4	26	81197H	76	-	0	0	0	0	0	0	2	0	0	0	0	0	-	0	0
4	26	81198J	76	-	0	-	0	2	0	2	2	0	0	0	-	0	-	-	-
4	26	81200L	76	-	0	2	3	3	2	0	0	0	2	0	2	3	-	0	-
4	26	81201M	76	-	-	-	-	-	-	-	-	-	-	-	-	-	-	-	-
4	26	81202N	76	-	0	0	0	0	0	0	2	2	2	0	0	2	2	-	-
4	26	81203P	77	 	 	0	0	0	0	0	0	0	0	0	0	0	0	0	0
4	26	81204Q	77	 	 	0	0	0	0	0	0	0	0	0	0	0	0	0	0
4	26	81205R	77	0	-	-	3	3	0	0	9	9	2	3	4	4	-	-	0
4	26	81206S	77	-	-	-	9	2	0	9	-	0	0	2	2	0	-	0	-
4	26	81207T	77	 	 	0	0	0	0	0	0	0	0	0	0	0	0	0	0
4	26	81208V	77	 	 	0	0	0	0	0	0	0	0	0	0	0	0	0	0
4	26	81209W	77	0	-	-	3	0	0	-	0	0	-	0	-	9	-	-	0
4	26	81210X	77	-	-	-	-	-	-	-	-	-	-	9	-	-	-	-	-
4	26	81211Y	77	 	 	0	0	0	0	0	0	0	0	0	0	0	0	0	0
4	26	81212Z	77	-	0	-	2	0	0	0	0	0	0	0	2	0	-	9	-
4	26	81213A	77	-	0	0	0	0	0	0	0	0	0	2	3	0	0	0	-
4	26	81214B	77	-	-	-	-	-	-	0	0	0	0	0	-	-	-	-	-
4	26	81276T	37	 	 	0	0	0	0	0	0	0	0	0	0	0	0	0	0
4	26	81277V	36	-	-	-	9	0	0	0	0	0	0	0	2	-	-	0	-
4	26	81278W	52	-	9	9	-	-	9	-	3	2	2	2	9	-	-	-	-
4	26	81280Y	77	 	0	0	0	0	0	0	0	0	0	0	0	0	0	0	0
4	26	81281Z	36	 	0	0	0	0	0	0	0	0	0	0	0	0	0	0	0
4	26	81283B	20	0	-	-	-	2	2	2	2	2	2	0	0	2	-	-	0
4	26	81284C	21	 	0	0	0	0	0	0	0	0	0	0	0	0	0	0	0
4	26	81286E	12	-	-	-	-	-	2	2	2	2	2	2	-	-	-	-	-
4	26	81287F	44	 	0	0	0	0	0	0	0	0	0	0	0	0	0	0	0
4	26	81288G	20	 	0	0	0	0	0	0	0	0	0	0	0	0	0	0	0
4	26	81292L	4	 	0	0	0	0	0	0	0	0	0	0	0	0	0	0	0
4	26	81293M	28	 	0	0	0	0	0	0	0	0	0	0	0	0	0	0	0
4	26	82215P	4	 	0	0	0	0	0	0	0	0	0	0	0	0	0	0	0
4	26	82216Q	4	 	0	0	0	0	0	0	0	0	0	0	0	0	0	0	0
4	26	82218S	4	 	0	0	0	0	0	0	0	0	0	0	0	0	0	0	0
4	26	82219T	5	 	0	0	0	0	0	0	0	0	0	0	0	0	0	0	0
4	26	82220V	12	 	0	0	0	0	0	0	0	0	0	0	0	0	0	0	0
4	26	82221W	12	 	0	0	0	0	0	0	0	0	0	0	0	0	0	0	0
4	26	82222X	12	 	0	0	0	0	0	0	0	0	0	0	0	0	0	0	0
4	26	82223Y	12	2	0	-	0	0	0	2	2	2	9	2	0	-	0	9	9
4	26	82226B	20	 	0	0	0	0	0	0	0	0	0	0	0	0	0	0	0
4	26	82227C	20	-	-	-	-	2	0	0	0	-	-	2	2	-	-	-	-
4	26	82228D	21	 	0	0	0	0	0	0	0	0	0	0	0	0	0	0	0
4	26	82229E	21	 	0	0	0	0	0	0	0	0	0	0	0	0	0	0	0
4	26	82230F	28	 	0	0	0	0	0	0	0	0	0	0	0	0	0	0	0
4	26	82231G	29	 	0	0	0	0	0	0	0	0	0	0	0	0	0	0	0
4	26	82232H	29	 	0	0	0	0	0	0	0	0	0	0	0	0	0	0	0
4	26	82233J	37	 	0	0	0	0	0	0	0	0	0	0	0	0	0	0	0
4	26	82234K	37	 	0	0	0	0	0	0	0	0	0	0	0	0	0	0	0
4	26	82235L	37	 	0	0	0	0	0	0	0	0	0	0	0	0	0	0	0
4	26	82236M	37	 	0	0	0	0	0	0	0	0	0	0	0	0	0	0	0
4	26	82237N	45	 	0	0	0	0	0	0	0	0	0	0	0	0	0	0	0
4	26	82238P	45	 	0	0	0	0	0	0	0	0	0	0	0	0	0	0	0
4	26	82239Q	45	-	-	-	-	-	0	-	-	-	-	0	-	-	-	-	-
4	26	82240R	45	 	0	0	0	0	0	0	0	0	0	0	0	0	0	0	0
4	26	82241S	52	-	-	-	0	-	0	-	-	-	-	0	0	-	-	0	-
4	26	82242T	52	-	-	-	-	-	2	-	0	0	0	0	9	4	-	-	0
4	26	82243V	60	 	0	0	0	0	0	0	0	0	0	0	0	0	0	0	0
4	26	82244W	60	 	0	0	0	0	0	0	0	0	0	0	0	0	0	0	0
4	26	82245X	60	 	0	0	0	0	0	0	0	0	0	0	0	0	0	0	0
4	26	82246Y	60	-	9	0	2	2	2	2	2	2	2	2	2	2	0	9	-
4	26	82247Z	61	-	-	-	0	0	2	-	-	-	-	2	-	-	-	0	-
4	26	82248A	61	 	0	0	0	0	0	0	0	0	0	0	0	0	0	0	0
4	26	82249B	61	 	0	0	0	0	0	0	0	0	0	0	0	0	0	0	0
4	26	82250C	61	 	0	0	0	0	0	0	0	0	0	0	0	0	0	0	0
4	26	82251D	69	 	0	0	0	0	0	0	0	0	0	0	0	0	0	0	0
4	26	82252E	69	-	-	-	-	0	0	0	-	-	0	-	0	0	-	-	-
4	26	82253F	76	 	0	0	0	0	0	0	0	0	0	0	0	0	0	0	0
4	26	82254G	77	 	0	0	0	0	0	0	0	0	0	0	0	0	0	0	0
4	26	82255H	77	 	0	0	0	0	0	0	0	0	0	0	0	0	0	0	0
4	26	82256J	77	 	0	0	0	0	0	0	0	0	0	0	0	0	0	0	0
4	26	82257K	77	-	0	-	-	-	-	-	-	-	-	0	0	-	-	0	-
4	26	82258L	77	 	0	0	0	0	0	0	0	0	0	0	0	0	0	0	0
4	26	82259M	77	 	0	0	0	0	0	0	0	0	0	0	0	0	0	0	0
4	26	82260N	77	-	-	-	-	-	0	0	0	0	0	0	-	-	-	-	-
4	26	82261P	13	-	2	-	2	2	2	2	9	9	3	3	3	-	2	-	-
4	26	82263R	21	0	-	-	-	-	0	0	0	0	0	0	0	0	-	-	-
4	26	82265T	21	-	-	-	-	-	0	0	-	-	-	-	-	-	-	-	-
4	26	82266V	36	 	 	0	0	0	0	0	0	0	0	0	0	0	0	0	0
4	26	82267W	36	 	 	0	0	0	0	0	0	0	0	0	0	0	0	0	0
4	26	82268X	77	-	-	-	0	0	0	0	-	0	0	0	0	-	-	-	-
4	26	82269Y	13	 	 	0	0	0	0	0	0	0	0	0	0	0	0	0	0
4	26	82270Z	13	 	 	0	0	0	0	0	0	0	0	0	0	0	0	0	0
4	26	82271A	13	 	 	0	0	0	0	0	0	0	0	0	0	0	0	0	0
4	26	82272B	21	 	 	0	0	0	0	0	0	0	0	0	0	0	0	0	0
4	26	82273C	21	 	 	0	0	0	0	0	0	0	0	0	0	0	0	0	0
4	26	82274D	44	-	-	-	-	0	0	0	-	0	0	0	-	-	-	-	-
4	26	82275E	77	 	 	0	0	0	0	0	0	0	0	0	0	0	0	0	0
4	26	82290W	68	 	 	0	0	0	0	0	0	0	0	0	0	0	0	0	0
4	26	82291X	68	 	0	0	0	0	0	0	0	0	0	0	0	0	0	0	0
