wave	rownum	serial	area	upd1	lpd1	upd2	lpd2	upd3	lpd3	upd4	lpd4	upd5	lpd5	upd6	lpd6	upd7	lpd7	upd8	lpd8	ever	ucd1	lcd1	ucd2	lcd2	ucd3	lcd3	cd4	ucd5	lcd5	defu1	defl1	defu2	defl2	defu3	defl3	cd6	cd7	ucd8	lcd8	ucd9	lcd9	ucd10	lcd10	ucd11	lcd11	cd12	cd13
1	39	51001L	1	0	0	 	 	 	 	 	 	 	 	 	 	 	 	 	 	0	1	1	1	1	1	1	1	1	2	0	0	0	0	0	0	1	1	2	1	1	1	1	2	1	2	1	1
1	39	51002M	1	0	0	 	 	 	 	 	 	 	 	 	 	 	 	 	 	0	0	0	 	0	0	0	0	0	0	0	0	0	0	0	0	0	0	0	0	0	0	0	0	0	0	0	0
1	39	51003N	1	0	0	 	 	 	 	 	 	 	 	 	 	 	 	 	 	0	1	1	1	1	1	1	1	2	2	0	0	0	0	0	0	1	1	1	2	1	1	1	1	2	2	2	1
1	39	51005Q	1	0	0	 	 	 	 	 	 	 	 	 	 	 	 	 	 	0	1	1	1	1	1	1	1	1	2	0	0	0	0	0	0	1	1	1	2	1	1	1	2	1	1	2	2
1	39	51006R	1	0	1	 	1	 	1	 	1	 	0	 	2	 	3	 	2	0	1	0	1	 	1	 	1	1	 	0	0	0	0	0	0	3	 	1	 	1	 	1	 	1	 	1	1
1	39	51007S	1	1	0	1	 	1	 	3	 	1	 	3	 	3	 	2	 	0	0	0	 	0	0	0	0	0	0	0	0	0	0	0	0	0	0	0	0	0	0	0	0	0	0	0	0
1	39	51008T	1	0	0	 	 	 	 	 	 	 	 	 	 	 	 	 	 	0	1	1	1	1	1	1	1	1	1	0	0	0	0	0	0	1	2	1	1	1	1	1	1	1	1	1	1
1	39	51009V	1	0	0	 	 	 	 	 	 	 	 	 	 	 	 	 	 	1	1	 	1	 	1	 	 	2	 	0	 	0	 	1	 	3	 	1	 	1	 	2	 	2	 	1	1
1	39	51010W	1	1	0	1	 	1	 	1	 	1	 	1	 	1	 	1	 	1	0	0	 	0	0	0	0	0	0	0	0	0	0	0	0	0	0	0	0	0	0	0	0	0	0	0	0
1	39	51013Z	8	0	0	 	 	 	 	 	 	 	 	 	 	 	 	 	 	0	1	1	1	1	1	1	1	1	1	0	0	0	0	0	0	1	1	1	1	1	1	2	1	2	1	2	2
1	39	51014A	8	0	0	 	 	 	 	 	 	 	 	 	 	 	 	 	 	1	0	0	 	0	0	0	0	0	0	0	0	0	0	0	0	0	0	0	0	0	0	0	0	0	0	0	0
1	39	51015B	8	0	0	 	 	 	 	 	 	 	 	 	 	 	 	 	 	0	1	1	1	1	1	1	1	2	2	0	0	0	0	0	0	1	1	1	1	2	2	1	1	1	2	1	2
1	39	51016C	8	0	0	 	 	 	 	 	 	 	 	 	 	 	 	 	 	0	1	0	1	 	1	 	9	1	 	0	 	0	 	0	 	3	9	1	 	1	 	1	 	1	 	9	9
1	39	51017D	8	0	0	 	 	 	 	 	 	 	 	 	 	 	 	 	 	0	1	1	1	1	1	1	1	1	2	0	0	0	0	0	0	3	1	1	1	2	1	1	1	1	1	1	1
1	39	51018E	8	0	0	 	 	 	 	 	 	 	 	 	 	 	 	 	 	0	1	1	1	1	1	1	0	1	2	0	0	0	0	0	0	1	1	1	1	2	2	1	1	1	2	2	1
1	39	51020G	9	0	0	 	 	 	 	 	 	 	 	 	 	 	 	 	 	0	1	1	1	1	1	1	1	1	1	0	0	0	0	0	0	1	1	1	1	1	1	1	2	1	2	2	1
1	39	51021H	9	0	0	 	 	 	 	 	 	 	 	 	 	 	 	 	 	0	1	1	1	1	1	1	1	1	2	0	0	0	0	0	0	1	1	1	1	1	1	1	2	1	1	3	2
1	39	51023K	9	1	0	1	 	1	 	1	 	1	 	3	 	3	 	2	 	0	0	0	 	0	0	0	0	0	0	0	0	0	0	0	0	0	0	0	0	0	0	0	0	0	0	0	0
1	39	51024L	9	0	0	 	 	 	 	 	 	 	 	 	 	 	 	 	 	0	1	1	1	1	1	1	1	1	1	0	0	0	0	0	0	1	1	1	1	1	1	1	1	1	1	2	1
1	39	51025M	9	0	0	 	 	 	 	 	 	 	 	 	 	 	 	 	 	0	1	1	1	1	1	1	0	2	1	0	0	0	0	0	0	1	1	1	1	1	1	1	1	1	1	1	1
1	39	51026N	9	0	0	 	 	 	 	 	 	 	 	 	 	 	 	 	 	0	0	0	 	0	0	0	0	0	0	0	0	0	0	0	0	0	0	0	0	0	0	0	0	0	0	0	0
1	39	51027P	9	0	0	 	 	 	 	 	 	 	 	 	 	 	 	 	 	1	1	0	1	 	1	 	1	1	 	0	 	0	 	0	 	3	 	1	 	1	 	1	 	1	 	1	1
1	39	51028Q	9	0	0	 	 	 	 	 	 	 	 	 	 	 	 	 	 	0	1	1	1	1	1	1	0	1	1	0	0	0	0	0	0	1	1	1	1	1	1	1	1	1	2	2	1
1	39	51029R	16	1	1	1	0	1	1	1	1	1	0	1	1	1	1	1	1	1	0	0	 	0	0	0	0	0	0	0	0	0	0	0	0	0	0	0	0	0	0	0	0	0	0	0	0
1	39	51030S	16	0	1	 	0	 	0	 	4	 	1	 	1	 	1	 	1	0	1	0	1	 	1	 	1	1	 	0	 	0	 	0	 	1	 	1	 	1	 	1	 	1	 	1	1
1	39	51031T	16	 	 	 	 	 	 	 	 	 	 	 	 	 	 	 	 	0	1	1	1	1	1	1	1	1	1	0	0	0	0	0	0	1	1	1	1	1	1	1	1	1	1	1	1
1	39	51034X	16	0	0	 	 	 	 	 	 	 	 	 	 	 	 	 	 	0	 	0	0	0	0	0	0	0	0	0	0	0	0	0	0	0	0	0	0	0	0	0	0	0	0	0	0
1	39	51035Y	16	1	0	0	0	1	 	4	 	4	 	1	 	1	 	1	 	0	 	0	0	0	0	0	0	0	0	0	0	0	0	0	0	0	0	0	0	0	0	0	0	0	0	0	0
1	39	51036Z	16	0	0	 	 	 	 	 	 	 	 	 	 	 	 	 	 	1	0	0	 	0	0	0	0	0	0	0	0	0	0	0	0	0	0	0	0	0	0	0	0	0	0	0	0
1	39	51037A	16	0	0	 	 	 	 	 	 	 	 	 	 	 	 	 	 	0	0	0	 	0	0	0	0	0	0	0	0	0	0	0	0	0	0	0	0	0	0	0	0	0	0	0	0
1	39	51038B	16	 	 	 	 	 	 	 	 	 	 	 	 	 	 	 	 	0	1	1	1	1	1	1	1	1	1	0	0	0	0	0	0	1	1	1	1	1	1	1	1	1	1	1	1
1	39	51039C	16	0	0	 	 	 	 	 	 	 	 	 	 	 	 	 	 	0	1	1	1	1	1	1	1	2	2	0	0	0	0	0	0	1	1	1	1	1	1	1	1	1	1	1	1
1	39	51040D	17	 	 	 	 	 	 	 	 	 	 	 	 	 	 	 	 	0	1	1	1	1	1	1	1	1	1	0	0	0	0	0	0	1	1	1	2	1	1	1	1	1	1	1	1
1	39	51041E	17	 	 	 	 	 	 	 	 	 	 	 	 	 	 	 	 	0	1	1	1	1	1	1	1	2	2	0	0	0	0	0	0	1	1	1	1	1	1	1	1	1	1	2	1
1	39	51042F	17	 	1	 	1	 	1	 	2	 	1	 	1	 	1	 	1	0	1	 	1	 	1	 	1	1	 	0	 	0	 	0	 	1	 	1	 	1	 	1	 	1	 	1	1
1	39	51043G	17	 	 	 	 	 	 	 	 	 	 	 	 	 	 	 	 	0	1	1	1	1	1	1	1	1	1	0	0	0	0	0	0	1	1	1	1	1	1	1	1	1	1	1	1
1	39	51044H	17	 	 	 	 	 	 	 	 	 	 	 	 	 	 	 	 	0	1	1	1	1	1	1	1	1	1	0	0	0	0	0	0	1	1	1	1	1	1	1	1	1	1	1	1
1	39	51045J	17	1	0	1	 	1	 	3	 	1	 	1	 	1	 	1	 	0	 	0	0	0	0	0	0	0	0	0	0	0	0	0	0	0	0	0	0	0	0	0	0	0	0	0	0
1	39	51046K	17	 	 	 	 	 	 	 	 	 	 	 	 	 	 	 	 	1	 	0	0	0	0	0	0	0	0	0	0	0	0	0	0	0	0	0	0	0	0	0	0	0	0	0	0
1	39	51047L	17	0	1	 	0	 	1	 	2	 	1	 	1	 	1	 	1	0	1	 	1	 	1	 	0	1	 	0	 	0	 	0	 	1	 	1	 	1	 	2	 	1	 	2	1
1	39	51049N	17	 	 	 	 	 	 	 	 	 	 	 	 	 	 	 	 	0	1	1	1	1	1	1	1	1	1	0	0	0	0	0	0	3	1	1	1	1	1	1	1	1	1	1	1
1	39	51050P	17	 	 	 	 	 	 	 	 	 	 	 	 	 	 	 	 	1	 	0	0	0	0	0	0	0	0	0	0	0	0	0	0	0	0	0	0	0	0	0	0	0	0	0	0
1	39	51051Q	24	 	 	 	 	 	 	 	 	 	 	 	 	 	 	 	 	0	1	1	1	1	1	1	1	2	2	0	0	0	0	0	0	1	1	1	2	2	1	2	1	1	1	1	2
1	39	51052R	24	1	 	1	 	1	 	2	 	1	 	3	 	1	 	2	 	1	 	 	 	 	 	 	 	 	 	 	 	 	 	 	 	 	 	 	 	 	 	 	 	 	 	 	 
1	39	51053S	24	 	 	 	 	 	 	 	 	 	 	 	 	 	 	 	 	0	1	1	2	1	1	1	1	1	1	0	0	0	0	0	0	1	1	1	1	1	1	1	1	1	1	1	1
1	39	51054T	24	 	 	 	 	 	 	 	 	 	 	 	 	 	 	 	 	0	1	1	1	1	1	1	1	2	1	0	0	0	0	0	0	1	1	1	2	1	2	1	2	1	1	1	2
1	39	51055V	24	 	1	 	0	 	1	 	1	 	0	 	2	 	1	 	1	0	1	 	1	 	1	 	1	1	 	0	 	0	 	0	 	1	 	1	 	1	 	2	 	1	 	1	2
1	39	51056W	24	1	1	1	1	1	1	1	1	1	1	1	1	1	1	1	1	0	 	 	0	0	0	0	0	0	0	0	0	0	0	0	0	0	0	0	0	0	0	0	0	0	0	0	0
1	39	51057X	24	 	0	0	0	0	0	0	0	0	0	0	0	0	0	0	0	0	0	0	0	0	0	0	0	0	0	0	0	0	0	0	0	0	0	0	0	0	0	0	0	0	0	0	0
1	39	51058Y	25	1	0	1	 	1	 	1	 	1	 	1	 	1	 	1	 	1	 	 	0	0	0	0	0	0	0	0	0	0	0	0	0	0	0	0	0	0	0	0	0	0	0	0	0
1	39	51059Z	25	0	0	 	 	 	 	 	 	 	 	 	 	 	 	 	 	0	 	0	0	0	0	0	0	0	0	0	0	0	0	0	0	0	0	0	0	0	0	0	0	0	0	0	0
1	39	51060A	25	0	1	0	0	0	1	0	1	0	1	0	1	0	1	0	1	0	1	 	1	 	2	 	1	1	 	0	 	0	 	0	 	1	1	1	 	2	 	1	 	2	 	1	2
1	39	51061B	25	0	0	 	 	 	 	 	 	 	 	 	 	 	 	 	 	0	1	0	1	 	1	 	 	1	 	0	 	0	 	0	 	1	 	1	 	1	 	1	 	1	 	2	1
1	39	51062C	25	0	0	 	 	 	 	 	 	 	 	 	 	 	 	 	 	 	1	1	1	1	1	1	1	2	2	0	0	0	0	0	0	3	1	1	1	1	1	2	1	1	1	1	3
1	39	51064E	25	0	0	 	 	 	 	 	 	 	 	 	 	 	 	 	 	0	0	 	 	 	 	 	 	 	 	 	 	 	 	 	 	 	0	0	0	0	0	0	0	0	0	0	0
1	39	51065F	25	0	0	 	 	 	 	 	 	 	 	 	 	 	 	 	 	0	 	 	 	 	 	 	 	0	0	0	0	0	0	0	0	0	0	0	0	0	0	0	0	0	0	0	0
1	39	51066G	25	1	1	1	1	1	1	1	2	1	1	1	1	1	1	1	1	0	 	 	 	 	 	 	 	 	 	 	 	 	 	 	 	 	 	 	 	 	 	 	 	 	 	 	 
1	39	51067H	25	 	 	 	 	 	 	 	 	 	 	 	 	 	 	 	 	0	1	1	1	1	1	1	1	1	1	0	0	0	0	0	0	1	1	1	1	1	1	1	1	1	1	1	1
1	39	51068J	25	0	0	 	 	 	 	 	 	 	 	 	 	 	 	 	 	1	 	0	0	0	0	0	0	0	0	0	0	0	0	0	0	0	0	0	0	0	0	0	0	0	0	0	0
1	39	51070L	32	0	1	 	0	 	1	 	1	 	1	 	1	 	1	 	1	0	1	0	1	 	1	 	1	1	 	0	 	0	 	0	 	1	 	1	 	1	 	1	 	1	 	1	1
1	39	51071M	32	0	0	 	 	 	 	 	 	 	 	 	 	 	 	 	 	0	1	1	1	1	2	2	1	1	1	0	0	0	0	0	0	1	1	1	2	1	2	1	2	1	1	2	2
1	39	51072N	32	1	0	1	 	1	 	3	 	0	 	1	 	1	 	1	 	0	 	0	0	0	0	0	0	0	0	0	0	0	0	0	0	0	0	0	0	0	0	0	0	0	0	0	0
1	39	51073P	32	1	0	1	 	1	 	2	 	1	 	2	 	1	 	2	 	0	0	0	 	0	0	0	0	0	0	0	0	0	0	0	0	0	0	0	0	0	0	0	0	0	0	0	0
1	39	51074Q	32	0	0	 	 	 	 	 	 	 	 	 	 	 	 	 	 	0	1	1	1	4	1	1	1	1	1	0	0	0	0	0	0	1	1	1	2	1	1	1	1	1	1	1	1
1	39	51075R	32	0	0	 	 	 	 	 	 	 	 	 	 	 	 	 	 	0	0	0	 	0	0	0	0	0	0	0	0	0	0	0	0	0	0	0	0	0	0	0	0	0	0	0	0
1	39	51076S	32	0	0	 	 	 	 	 	 	 	 	 	 	 	 	 	 	0	0	0	 	0	0	0	0	0	0	0	0	0	0	0	0	0	0	0	0	0	0	0	0	0	0	0	0
1	39	51077T	32	0	0	 	 	 	 	 	 	 	 	 	 	 	 	 	 	0	1	1	1	1	1	1	1	1	1	0	0	0	0	0	0	1	1	1	1	1	1	1	1	1	1	2	1
1	39	51078V	32	0	0	 	 	 	 	 	 	 	 	 	 	 	 	 	 	0	0	0	 	0	0	0	0	0	0	0	0	0	0	0	0	0	0	0	0	0	0	0	0	0	0	0	0
1	39	51079W	32	0	0	 	 	 	 	 	 	 	 	 	 	 	 	 	 	0	1	1	1	1	1	1	1	1	1	0	0	0	0	0	0	1	1	1	1	1	1	1	1	1	1	2	1
1	39	51080X	32	0	0	 	 	 	 	 	 	 	 	 	 	 	 	 	 	0	1	0	1	 	1	 	 	2	 	0	 	0	 	0	 	1	 	1	 	1	 	1	 	1	 	1	1
1	39	51081Y	33	0	0	 	 	 	 	 	 	 	 	 	 	 	 	 	 	0	0	0	 	0	0	0	0	0	0	0	0	0	0	0	0	0	0	0	0	0	0	0	0	0	0	0	0
1	39	51082Z	33	0	0	 	 	 	 	 	 	 	 	 	 	 	 	 	 	0	1	1	1	1	1	1	1	1	1	0	0	0	0	0	0	1	1	1	1	1	1	1	1	1	1	2	1
1	39	51083A	33	0	0	 	 	 	 	 	 	 	 	 	 	 	 	 	 	0	1	1	1	1	1	1	1	1	2	0	0	0	0	0	0	1	1	1	1	1	1	1	1	1	1	1	3
1	39	51084B	33	1	1	1	1	1	1	2	2	1	1	1	1	1	1	1	1	0	0	0	 	0	0	0	0	0	0	0	0	0	0	0	0	0	0	0	0	0	0	0	0	0	0	0	0
1	39	51087E	33	1	1	1	1	1	1	3	1	1	0	1	1	1	3	1	2	1	0	0	 	0	0	0	0	0	0	0	0	0	0	0	0	0	0	0	0	0	0	0	0	0	0	0	0
1	39	51088F	33	0	0	 	 	 	 	 	 	 	 	 	 	 	 	 	 	1	0	0	 	 	0	0	0	0	0	0	0	0	0	0	0	0	0	0	0	0	0	0	0	0	0	0	0
1	39	51089G	33	0	0	 	 	 	 	 	 	 	 	 	 	 	 	 	 	0	1	1	1	1	1	1	1	1	1	0	0	0	0	0	0	1	1	1	1	1	1	1	2	1	1	1	2
1	39	51090H	33	0	0	 	 	 	 	 	 	 	 	 	 	 	 	 	 	0	1	0	1	 	1	 	0	2	 	0	 	0	 	0	 	1	 	1	 	1	 	1	 	1	 	1	1
1	39	51091J	33	0	0	 	 	 	 	 	 	 	 	 	 	 	 	 	 	1	1	0	1	 	1	 	0	2	 	0	 	1	 	1	 	3	 	1	 	1	 	1	 	1	 	1	2
1	39	51092K	33	0	0	 	 	 	 	 	 	 	 	 	 	 	 	 	 	0	1	0	1	 	1	 	0	1	 	0	 	0	 	0	 	1	 	1	 	1	 	1	 	1	 	2	9
1	39	51093L	40	1	0	1	 	1	 	3	 	1	 	1	 	1	 	1	 	0	 	0	0	0	0	0	0	0	0	0	0	0	0	0	0	0	0	0	0	0	0	0	0	0	0	0	0
1	39	51094M	40	0	1	 	1	 	1	 	1	 	1	 	1	 	1	 	1	0	1	0	1	 	1	 	0	1	 	1	 	0	 	0	 	1	 	1	 	1	 	1	 	1	 	2	1
1	39	51095N	40	 	 	 	 	 	 	 	 	 	 	 	 	 	 	 	 	0	1	1	1	1	1	1	1	1	1	0	0	0	0	0	0	1	1	1	1	1	1	1	1	1	1	1	1
1	39	51096P	40	1	0	1	 	1	 	2	 	1	 	3	 	3	 	2	 	0	 	 	0	0	0	0	0	0	0	0	0	0	0	0	0	0	0	0	0	0	0	0	0	0	0	0	0
1	39	51097Q	40	 	 	 	 	 	 	 	 	 	 	 	 	 	 	 	 	1	 	0	0	0	0	0	0	0	0	0	0	0	0	0	0	0	0	0	0	0	0	0	0	0	0	0	0
1	39	51098R	40	 	 	 	 	 	 	 	 	 	 	 	 	 	 	 	 	0	 	0	0	0	0	0	0	0	0	0	0	0	0	0	0	0	0	0	0	0	0	0	0	0	0	0	0
1	39	51099S	40	 	 	 	 	 	 	 	 	 	 	 	 	 	 	 	 	0	1	1	1	1	1	1	1	1	1	0	0	0	0	0	0	1	1	1	1	1	1	1	2	1	1	2	1
1	39	51100T	40	0	1	 	1	 	1	 	2	 	1	 	1	 	1	 	1	1	1	0	1	 	1	 	1	1	 	0	 	0	 	0	 	1	 	1	 	1	 	1	 	1	 	1	1
1	39	51101V	40	1	0	1	 	1	 	3	 	1	 	3	 	3	 	2	 	0	 	0	0	0	0	0	0	0	0	0	0	0	0	0	0	0	0	0	0	0	0	0	0	0	0	0	0
1	39	51102W	40	 	 	 	 	 	 	 	 	 	 	 	 	 	 	 	 	0	 	0	0	0	0	0	0	0	0	0	0	0	0	0	0	0	0	0	0	0	0	0	0	0	0	0	0
1	39	51103X	41	 	 	 	 	 	 	 	 	 	 	 	 	 	 	 	 	0	1	1	1	1	1	1	1	2	2	0	0	0	0	0	0	3	1	1	2	1	1	1	1	1	1	2	2
1	39	51104Y	41	 	 	 	 	 	 	 	 	 	 	 	 	 	 	 	 	1	1	1	1	1	1	1	1	1	1	0	0	0	0	0	0	1	1	1	1	2	2	2	2	1	2	2	1
1	39	51105Z	41	 	 	 	 	 	 	 	 	 	 	 	 	 	 	 	 	 	1	1	1	1	1	1	1	1	1	0	0	0	0	0	0	2	1	1	2	2	2	2	2	2	2	2	1
1	39	51107B	41	0	1	0	 	0	 	 	3	 	1	 	1	 	1	 	1	0	1	0	1	0	1	 	1	1	 	0	 	0	 	0	 	2	 	1	 	2	 	1	 	1	 	1	1
1	39	51108C	41	1	0	1	 	1	 	2	 	1	 	1	 	1	 	1	 	0	 	0	0	0	0	0	0	0	0	0	0	0	0	0	0	0	0	0	0	0	0	0	0	0	0	0	0
1	39	51109D	41	1	 	1	 	1	 	2	 	1	 	3	 	3	 	1	 	0	 	0	0	0	0	0	0	0	0	0	0	0	0	0	0	0	0	0	0	0	0	0	0	0	0	0	0
1	39	51110E	41	0	0	 	 	 	 	 	 	 	 	 	 	 	 	 	 	1	1	0	1	 	1	 	0	1	 	0	 	0	 	0	 	1	 	1	 	2	 	1	 	1	 	1	1
1	39	51111F	41	 	 	 	 	 	 	 	 	 	 	 	 	 	 	 	 	0	 	0	0	0	0	0	0	0	0	0	0	0	0	0	0	0	0	0	0	0	0	0	0	0	0	0	0
1	39	51112G	41	 	 	 	 	 	 	 	 	 	 	 	 	 	 	 	 	0	1	1	1	1	1	1	1	1	1	0	0	0	0	0	0	1	1	1	1	1	1	1	1	1	1	1	1
1	39	51113H	48	 	 	 	 	 	 	 	 	 	 	 	 	 	 	 	 	0	1	1	1	1	1	1	1	1	1	0	0	0	0	0	0	3	1	1	1	1	1	1	2	1	1	1	1
1	39	51114J	48	1	0	1	 	1	 	2	 	1	 	1	 	1	 	1	 	0	0	0	 	 	 	 	 	 	 	 	0	0	0	0	0	0	0	0	0	0	0	0	0	0	0	0	0
1	39	51115K	48	 	 	 	 	 	 	 	 	 	 	 	 	 	 	 	 	1	 	0	0	0	0	0	0	0	0	0	0	0	0	0	0	0	0	0	0	0	0	0	0	0	0	0	0
1	39	51116L	48	1	1	1	1	1	1	2	1	1	0	1	1	1	1	1	1	0	 	0	0	0	0	0	0	0	0	0	0	0	0	0	0	0	0	0	0	0	0	0	0	0	0	0	0
1	39	51117M	48	 	 	 	 	 	 	 	 	 	 	 	 	 	 	 	 	0	1	1	1	1	1	1	1	1	1	0	0	0	0	0	0	1	1	1	2	1	2	1	1	1	1	1	1
1	39	51118N	48	1	0	1	 	1	 	3	 	0	 	1	 	1	 	1	 	0	 	0	0	0	0	0	0	0	0	0	0	0	0	0	0	0	0	0	0	0	0	0	0	0	0	0	0
1	39	51119P	48	1	0	1	 	1	 	2	 	1	 	1	 	1	 	1	 	1	 	0	0	0	0	0	0	0	0	0	0	0	0	0	0	0	0	0	0	0	0	0	0	0	0	0	0
1	39	51120Q	48	0	1	0	1	 	1	 	1	 	0	 	1	 	1	 	1	1	1	0	1	 	1	 	1	1	 	0	 	0	 	0	 	1	 	1	 	1	 	2	 	1	 	1	1
1	39	51121R	48	 	 	 	 	 	 	 	 	 	 	 	 	 	 	 	 	0	1	1	1	1	1	1	1	2	2	0	0	0	0	0	0	3	1	1	1	1	1	1	1	1	1	2	1
1	39	51122S	49	0	0	 	 	 	 	 	 	 	 	 	 	 	 	 	 	1	0	0	 	0	0	0	0	0	0	0	0	0	0	0	0	0	0	0	0	0	0	0	0	0	0	0	0
1	39	51123T	49	0	0	 	 	 	 	 	 	 	 	 	 	 	 	 	 	1	1	1	3	3	2	2	1	1	1	0	0	1	0	0	0	1	1	1	1	1	1	1	1	1	1	1	1
1	39	51125W	49	0	0	 	 	 	 	 	 	 	 	 	 	 	 	 	 	0	1	1	1	1	1	1	1	1	1	0	0	0	0	0	0	1	1	1	1	1	1	1	1	1	1	1	1
1	39	51127Y	49	0	0	 	 	 	 	 	 	 	 	 	 	 	 	 	 	0	1	1	1	1	2	2	1	2	2	0	0	0	0	0	0	3	1	1	1	1	1	1	1	1	1	2	1
1	39	51128Z	49	1	1	1	1	1	1	4	4	1	1	3	1	3	1	2	1	0	0	0	 	0	0	0	0	0	0	0	0	0	0	0	0	0	0	0	0	0	0	0	0	0	0	0	0
1	39	51129A	49	0	0	 	 	 	 	 	 	 	 	 	 	 	 	 	 	0	1	1	1	1	1	1	1	1	1	0	0	0	0	0	0	1	1	1	1	1	1	1	2	1	1	1	1
1	39	51130B	49	0	0	 	 	 	 	 	 	 	 	 	 	 	 	 	 	0	0	0	 	0	0	0	0	0	0	0	0	0	0	0	0	0	0	0	0	0	0	0	0	0	0	0	0
1	39	51131C	49	0	0	 	 	 	 	 	 	 	 	 	 	 	 	 	 	0	1	1	1	1	1	1	1	1	1	0	0	0	0	0	0	3	1	1	1	1	1	1	1	1	1	1	2
1	39	51132D	49	0	0	 	 	 	 	 	 	 	 	 	 	 	 	 	 	0	1	1	1	1	1	1	1	1	1	0	0	0	0	0	0	1	1	1	1	1	1	1	1	1	2	1	1
1	39	51133E	49	0	0	 	 	 	 	 	 	 	 	 	 	 	 	 	 	1	1	0	1	 	1	 	0	1	 	0	 	0	 	0	 	1	 	1	 	1	 	1	 	1	 	1	2
1	39	51134F	56	1	0	1	 	0	 	1	 	1	 	1	 	1	 	1	 	1	0	0	 	0	0	0	0	0	0	0	0	0	0	0	0	0	0	0	0	0	0	0	0	0	0	0	0
1	39	51135G	56	0	0	 	 	 	 	 	 	 	 	 	 	 	 	 	 	0	1	1	1	1	1	1	1	2	2	0	0	0	0	0	0	1	1	1	1	1	1	1	1	1	1	1	2
1	39	51136H	56	0	0	 	 	 	 	 	 	 	 	 	 	 	 	 	 	0	1	1	1	1	1	1	1	1	1	0	0	0	0	0	0	1	1	1	2	1	1	1	1	1	1	1	1
1	39	51137J	56	1	0	1	 	1	 	1	 	1	 	1	 	1	 	1	 	0	0	1	 	1	 	1	1	 	2	 	0	 	0	 	0	 	1	 	1	 	1	 	1	 	1	2	2
1	39	51138K	56	0	0	 	 	 	 	 	 	 	 	 	 	 	 	 	 	0	1	1	1	1	1	1	0	1	1	0	0	0	0	0	0	1	1	1	2	1	1	1	1	1	1	2	1
1	39	51139L	56	1	0	1	 	1	 	3	 	1	 	3	 	2	 	2	 	1	0	0	 	0	0	0	0	0	0	0	0	0	0	0	0	0	0	0	0	0	0	0	0	0	0	0	0
1	39	51141N	57	0	0	 	 	 	 	 	 	 	 	 	 	 	 	 	 	0	1	1	1	1	1	1	1	1	1	0	0	0	0	0	0	1	1	1	1	1	1	1	1	1	1	2	1
1	39	51142P	57	 	0	0	0	0	0	0	0	0	0	0	0	0	0	0	0	0	0	0	0	0	0	0	0	0	0	0	0	0	0	0	0	0	0	0	0	0	0	0	0	0	0	0	0
1	39	51143Q	57	0	0	 	 	 	 	 	 	 	 	 	 	 	 	 	 	0	1	1	1	1	1	1	1	1	1	0	0	0	0	0	0	1	1	1	1	1	1	1	2	1	1	1	1
1	39	51144R	57	0	0	 	 	 	 	 	 	 	 	 	 	 	 	 	 	0	0	0	 	0	0	0	0	0	0	0	0	0	0	0	0	0	0	0	0	0	0	0	0	0	0	0	0
1	39	51145S	57	0	0	 	 	 	 	 	 	 	 	 	 	 	 	 	 	1	1	0	1	 	1	 	 	1	1	0	 	0	 	0	 	3	 	1	 	1	 	1	 	1	 	1	1
1	39	51146T	57	0	0	 	 	 	 	 	 	 	 	 	 	 	 	 	 	0	1	1	1	1	1	1	1	1	2	0	0	0	0	0	0	1	1	1	1	1	1	1	2	1	1	2	2
1	39	51147V	57	0	0	 	 	 	 	 	 	 	 	 	 	 	 	 	 	0	1	0	1	 	1	 	 	1	 	0	 	0	 	0	 	3	 	1	2	1	 	1	 	1	 	9	9
1	39	51148W	57	0	0	 	 	 	 	 	 	 	 	 	 	 	 	 	 	0	1	1	1	1	1	1	1	2	2	0	0	0	0	0	0	1	1	1	1	1	1	1	1	1	1	2	2
1	39	51149X	57	0	0	 	 	 	 	 	 	 	 	 	 	 	 	 	 	0	0	1	 	1	 	1	 	 	2	 	0	 	0	 	0	 	1	 	2	 	2	 	2	 	1	2	2
1	39	51150Y	57	0	0	 	 	 	 	 	 	 	 	 	 	 	 	 	 	0	1	1	1	1	1	1	1	2	2	1	0	0	0	0	0	1	1	1	1	1	1	1	1	1	1	2	2
1	39	51151Z	57	0	0	 	 	 	 	 	 	 	 	 	 	 	 	 	 	0	1	1	1	1	1	1	1	2	2	0	0	0	0	0	0	1	1	1	1	1	2	1	2	1	1	2	2
1	39	51152A	57	0	0	 	 	 	 	 	 	 	 	 	 	 	 	 	 	0	1	1	1	1	1	1	1	2	2	0	0	0	0	0	0	3	1	1	2	1	2	1	2	1	2	2	2
1	39	51153B	64	 	 	 	 	 	 	 	 	 	 	 	 	 	 	 	 	0	1	1	1	1	1	1	1	1	1	0	0	0	0	0	0	1	1	1	2	1	2	1	2	1	2	2	1
1	39	51154C	64	1	1	1	1	1	1	1	1	1	1	1	1	1	1	1	1	0	 	0	0	0	0	0	0	0	0	0	0	0	0	0	0	0	0	0	0	0	0	0	0	0	0	0	0
1	39	51155D	64	 	 	 	 	 	 	 	 	 	 	 	 	 	 	 	 	0	1	1	1	1	1	1	1	1	1	0	0	0	0	0	1	1	1	1	1	1	1	1	2	1	2	2	1
1	39	51156E	64	1	1	1	1	1	1	2	2	1	0	1	3	1	3	1	2	0	 	0	0	0	0	0	0	0	0	0	0	0	0	0	0	0	0	0	0	0	0	0	0	0	0	0	0
1	39	51158G	64	1	0	1	 	1	 	2	 	1	 	1	 	1	 	1	 	0	 	0	0	0	0	0	0	0	0	0	0	0	0	0	0	0	0	0	0	0	0	0	0	0	0	0	0
1	39	51159H	64	 	 	 	 	 	 	 	 	 	 	 	 	 	 	 	 	0	 	 	0	0	0	0	0	0	0	0	0	0	0	0	0	0	0	0	0	0	0	0	0	0	0	0	0
1	39	51160J	64	 	 	 	 	 	 	 	 	 	 	 	 	 	 	 	 	0	 	0	0	0	0	0	0	0	0	0	0	0	0	0	0	0	0	0	0	0	0	0	0	0	0	0	0
1	39	51161K	64	 	 	 	 	 	 	 	 	 	 	 	 	 	 	 	 	0	1	1	1	1	1	1	1	2	2	0	0	0	0	0	0	1	1	1	2	1	2	1	2	1	2	2	2
1	39	51162L	64	 	 	 	 	 	 	 	 	 	 	 	 	 	 	 	 	0	 	0	0	0	0	0	0	0	0	0	0	0	0	0	0	0	0	0	0	0	0	0	0	0	0	0	0
1	39	51163M	64	1	1	1	1	1	1	2	1	1	0	3	3	1	1	1	1	0	 	0	0	0	0	0	0	0	0	0	0	0	0	0	0	0	0	0	0	0	0	0	0	0	0	0	0
1	39	51164N	64	 	 	 	 	 	 	 	 	 	 	 	 	 	 	 	 	0	 	0	0	0	0	0	0	0	0	0	0	0	0	0	0	0	0	0	0	0	0	0	0	0	0	0	0
1	39	51165P	64	 	 	 	 	 	 	 	 	 	 	 	 	 	 	 	 	0	 	0	0	0	0	0	0	0	0	0	0	0	0	0	0	0	0	0	0	0	0	0	0	0	0	0	0
1	39	51166Q	64	1	0	0	 	1	 	1	 	1	 	3	 	1	 	2	 	0	 	0	0	0	0	0	0	0	0	0	0	0	0	0	0	0	0	0	0	0	0	0	0	0	0	0	0
1	39	51167R	64	1	0	0	 	1	 	3	 	1	 	1	 	1	 	1	 	1	 	0	0	0	0	0	0	0	0	0	0	0	0	0	0	0	0	0	0	0	0	0	0	0	0	0	0
1	39	51168S	65	0	0	 	 	 	 	 	 	 	 	 	 	 	 	 	 	1	1	1	2	1	1	1	1	1	1	0	0	0	0	0	0	1	1	1	1	1	2	1	2	1	1	1	3
1	39	51169T	65	1	1	1	1	1	1	2	1	1	1	1	1	1	1	1	1	0	 	0	0	0	0	0	0	0	0	0	0	0	0	0	0	0	0	0	0	0	0	0	0	0	0	0	0
1	39	51170V	65	 	 	 	 	 	 	 	 	 	 	 	 	 	 	 	 	0	1	1	1	1	1	1	1	1	1	0	0	0	0	0	0	3	1	1	1	1	2	1	1	1	1	1	1
1	39	51171W	65	1	1	1	1	1	1	1	1	1	1	1	3	1	1	1	2	0	 	0	0	0	0	0	0	0	0	0	0	0	0	0	0	0	0	0	0	0	0	0	0	0	0	0	0
1	39	51172X	65	1	1	1	1	1	1	1	1	1	1	1	3	3	3	2	2	0	0	0	 	0	0	0	0	0	0	0	0	0	0	0	0	0	0	0	0	0	0	0	0	0	0	0	0
1	39	51173Y	65	0	0	 	 	 	 	 	 	 	 	 	 	 	 	 	 	1	0	1	 	1	 	1	0	 	2	 	0	 	0	 	0	 	1	 	1	 	2	 	2	 	1	1	1
1	39	51174Z	65	0	0	 	 	 	 	 	 	 	 	 	 	 	 	 	 	0	0	0	 	0	0	0	0	0	0	0	0	0	0	0	0	0	0	0	0	0	0	0	0	0	0	0	0
1	39	51175A	65	1	0	1	 	1	 	2	 	1	 	1	 	1	 	2	 	0	 	0	0	0	0	0	0	0	0	0	0	0	0	0	0	0	0	0	0	0	0	0	0	0	0	0	0
1	39	51176B	65	0	0	 	 	 	 	 	 	 	 	 	 	 	 	 	 	0	 	0	0	0	0	0	0	0	0	0	0	0	0	0	0	0	0	0	0	0	0	0	0	0	0	0	0
1	39	51177C	65	1	0	0	 	1	 	2	 	1	 	1	 	1	 	1	 	0	0	0	 	0	0	0	0	0	0	0	0	0	0	0	0	0	0	0	0	0	0	0	0	0	0	0	0
1	39	51178D	65	1	1	1	1	1	1	4	3	1	1	1	1	1	1	1	1	0	0	0	 	0	0	0	0	0	0	0	0	0	0	0	0	0	0	0	0	0	0	0	0	0	0	0	0
1	39	51179E	72	0	1	 	1	 	1	 	2	 	1	 	2	 	2	 	1	0	1	0	1	 	1	 	1	1	 	0	 	0	 	0	 	3	 	1	 	1	 	1	 	1	 	1	1
1	39	51181G	72	1	1	1	1	1	1	2	2	1	1	1	1	1	1	1	1	0	0	0	 	0	0	0	0	0	0	0	0	0	0	0	0	0	0	0	0	0	0	0	0	0	0	0	0
1	39	51182H	72	0	0	 	 	 	 	 	 	 	 	 	 	 	 	 	 	 	1	1	1	1	2	2	1	1	1	0	0	0	0	0	0	3	1	1	1	1	2	1	2	1	2	2	2
1	39	51183J	72	0	1	 	1	 	1	 	1	 	1	 	1	 	1	 	1	0	1	0	1	 	1	 	1	1	 	0	 	0	 	0	 	1	 	1	 	1	 	1	 	1	 	1	1
1	39	51184K	72	0	0	 	 	 	 	 	 	 	 	 	 	 	 	 	 	0	0	0	 	0	0	0	0	0	0	0	0	0	0	0	0	0	0	0	0	0	0	0	0	0	0	0	0
1	39	51185L	72	0	0	 	 	 	 	 	 	 	 	 	 	 	 	 	 	0	1	1	1	1	1	1	1	1	1	0	0	0	0	0	0	1	1	1	1	1	2	1	2	1	2	1	1
1	39	51186M	72	0	0	 	 	 	 	 	 	 	 	 	 	 	 	 	 	0	0	0	 	0	0	0	0	0	0	0	0	0	0	0	0	0	0	0	0	0	0	0	0	0	0	0	0
1	39	51187N	72	0	0	 	 	 	 	 	 	 	 	 	 	 	 	 	 	0	0	0	 	0	0	0	0	0	0	0	0	0	0	0	0	0	0	0	0	0	0	0	0	0	0	0	0
1	39	51188P	72	0	0	 	 	 	 	 	 	 	 	 	 	 	 	 	 	0	0	0	 	0	0	0	0	0	0	0	0	0	0	0	0	0	0	0	0	0	0	0	0	0	0	0	0
1	39	51189Q	72	0	0	 	 	 	 	 	 	 	 	 	 	 	 	 	 	0	1	1	1	1	1	1	1	1	1	0	0	0	0	0	0	1	1	1	1	1	1	1	2	1	2	1	1
1	39	51192T	73	 	 	 	 	 	 	 	 	 	 	 	 	 	 	 	 	0	0	 	0	0	0	0	0	0	0	0	0	0	0	0	0	0	0	0	0	0	0	0	0	0	0	0	0
1	39	51193V	73	 	0	0	0	0	0	0	0	0	0	0	0	0	0	0	0	0	0	0	0	0	0	0	0	0	0	0	0	0	0	0	0	0	0	0	0	0	0	0	0	0	0	0	0
1	39	51194W	73	 	 	 	 	 	 	 	 	 	 	 	 	 	 	 	 	1	1	1	1	1	1	1	1	2	2	0	0	0	0	0	0	1	1	1	1	1	1	1	1	1	1	1	2
1	39	51195X	73	 	 	 	 	 	 	 	 	 	 	 	 	 	 	 	 	0	1	1	1	1	1	1	1	1	1	0	0	0	0	0	0	3	1	1	1	2	1	1	1	1	1	1	1
1	39	51196Y	73	1	 	1	 	1	 	3	 	1	 	3	 	2	 	2	 	0	 	0	0	0	0	0	0	0	0	0	0	0	0	0	0	0	0	0	0	0	0	0	0	0	0	0	0
1	39	51197Z	73	 	 	 	 	 	 	 	 	 	 	 	 	 	 	 	 	0	1	1	1	1	1	1	1	2	2	0	0	0	0	0	0	1	1	1	2	1	2	1	2	1	1	2	2
1	39	51198A	73	 	0	0	0	0	0	0	0	0	0	0	0	0	0	0	0	0	0	0	0	0	0	0	0	0	0	0	0	0	0	0	0	0	0	0	0	0	0	0	0	0	0	0	0
1	39	51199B	73	 	 	 	 	 	 	 	 	 	 	 	 	 	 	 	 	1	1	 	1	 	1	 	 	1	 	0	 	0	 	0	 	1	 	1	 	1	 	1	 	1	 	1	1
1	39	51200C	73	 	 	 	 	 	 	 	 	 	 	 	 	 	 	 	 	0	1	 	1	 	1	 	 	1	 	1	 	0	 	0	 	1	 	1	 	1	 	2	 	1	 	1	1
1	39	51201D	73	 	0	0	0	0	0	0	0	0	0	0	0	0	0	0	0	0	0	0	0	0	0	0	0	0	0	0	0	0	0	0	0	0	0	0	0	0	0	0	0	0	0	0	0
1	39	51202E	73	 	0	0	0	0	0	0	0	0	0	0	0	0	0	0	0	0	0	0	0	0	0	0	0	0	0	0	0	0	0	0	0	0	0	0	0	0	0	0	0	0	0	0	0
1	39	51204G	80	0	0	 	 	 	 	 	 	 	 	 	 	 	 	 	 	0	1	1	1	1	1	1	1	1	2	0	0	0	0	0	0	1	1	1	1	1	2	1	2	1	1	1	1
1	39	51205H	80	0	0	 	 	 	 	 	 	 	 	 	 	 	 	 	 	0	1	1	1	1	1	1	1	1	1	0	0	0	0	0	0	1	1	1	2	1	1	1	2	1	1	1	1
1	39	51206J	80	 	 	 	 	 	 	 	 	 	 	 	 	 	 	 	 	1	 	0	0	0	0	0	0	0	0	0	0	0	0	0	0	0	0	0	0	0	0	0	0	0	0	0	0
1	39	51207K	80	0	0	 	 	 	 	 	 	 	 	 	 	 	 	 	 	1	 	0	0	0	0	0	0	0	0	0	0	0	0	0	0	0	0	0	0	0	0	0	0	0	0	0	0
1	39	51208L	80	 	 	 	 	 	 	 	 	 	 	 	 	 	 	 	 	0	1	1	1	1	1	1	1	2	2	0	0	0	0	1	0	1	1	1	1	1	1	1	1	1	1	1	1
1	39	51209M	80	0	0	 	 	 	 	 	 	 	 	 	 	 	 	 	 	0	1	1	1	1	1	1	1	1	1	0	0	0	0	0	0	1	1	1	1	1	2	1	2	1	2	1	1
1	39	51210N	80	1	 	1	 	1	 	3	 	1	 	1	 	1	 	1	 	0	 	1	 	1	 	1	 	 	1	 	0	 	0	 	0	 	1	 	1	 	2	 	2	 	2	 	0
1	39	51211P	80	1	0	1	 	1	 	2	 	1	 	1	 	1	 	1	 	0	 	0	0	0	0	0	0	0	0	0	0	0	0	0	0	0	0	0	0	0	0	0	0	0	0	0	0
1	39	51212Q	80	 	 	 	 	 	 	 	 	 	 	 	 	 	 	 	 	0	 	0	0	0	0	0	0	0	0	0	0	0	0	0	0	0	0	0	0	0	0	0	0	0	0	0	0
1	39	51213R	80	1	 	1	 	1	 	3	 	1	 	3	 	1	 	1	 	1	 	0	0	0	0	0	0	0	0	0	0	0	0	0	0	0	0	0	0	0	0	0	0	0	0	0	0
1	39	51214S	80	 	 	 	 	 	 	 	 	 	 	 	 	 	 	 	 	0	1	1	1	1	1	1	1	1	1	0	0	0	0	0	0	1	1	1	2	1	1	1	2	1	1	1	1
1	39	51215T	80	0	0	 	 	 	 	 	 	 	 	 	 	 	 	 	 	0	1	 	1	 	1	 	 	1	 	0	 	0	 	0	 	1	 	1	 	1	 	1	 	1	 	 	0
1	39	51216V	80	0	0	 	 	 	 	 	 	 	 	 	 	 	 	 	 	1	1	1	1	1	1	1	1	1	1	0	0	0	0	0	0	1	1	1	1	1	1	1	1	1	1	1	3
1	39	52217H	1	0	0	 	 	 	 	 	 	 	 	 	 	 	 	 	 	0	1	1	1	1	1	1	1	1	1	0	0	0	0	0	0	1	1	1	2	2	1	1	2	1	2	1	2
1	39	52218J	1	0	0	 	 	 	 	 	 	 	 	 	 	 	 	 	 	0	0	0	 	 	 	 	 	 	 	 	 	 	 	 	 	 	 	1	1	 	0	0	0	0	0	0	0
1	39	52219K	1	0	0	 	 	 	 	 	 	 	 	 	 	 	 	 	 	0	1	0	1	 	1	 	 	1	 	0	0	0	0	0	0	1	 	1	1	1	 	1	 	1	 	9	9
1	39	52220L	8	0	0	 	 	 	 	 	 	 	 	 	 	 	 	 	 	9	1	1	1	1	1	1	1	1	1	0	0	0	0	0	0	1	1	1	1	2	2	1	1	1	1	1	1
1	39	52221M	8	1	0	1	 	1	 	1	 	1	 	2	 	1	 	2	 	0	0	1	 	1	 	1	 	 	2	 	0	 	0	 	0	 	1	 	1	 	1	 	1	 	1	1	1
1	39	52222N	8	0	0	 	 	 	 	 	 	 	 	 	 	 	 	 	 	0	0	0	 	0	0	0	0	0	0	0	0	0	0	0	0	0	0	0	0	0	0	0	0	0	0	0	0
1	39	52223P	8	0	0	 	 	 	 	 	 	 	 	 	 	 	 	 	 	0	0	0	 	0	0	0	0	0	0	0	0	0	0	0	0	0	0	0	0	0	0	0	0	0	0	0	0
1	39	52224Q	8	0	0	 	 	 	 	 	 	 	 	 	 	 	 	 	 	0	1	1	1	1	1	1	1	1	1	0	0	0	0	0	0	3	1	2	2	2	2	1	2	1	2	2	2
1	39	52225R	9	0	0	 	 	 	 	 	 	 	 	 	 	 	 	 	 	1	0	0	 	0	0	0	0	0	0	0	0	0	0	0	0	0	0	0	0	0	0	0	0	0	0	0	0
1	39	52226S	9	0	0	 	 	 	 	 	 	 	 	 	 	 	 	 	 	0	1	1	1	1	1	1	1	1	2	0	0	0	0	0	0	3	1	1	1	1	1	2	1	1	2	1	1
1	39	52227T	17	 	 	 	 	 	 	 	 	 	 	 	 	 	 	 	 	0	1	1	1	1	1	1	1	1	1	0	0	0	0	0	0	1	1	1	1	1	1	1	1	1	1	1	1
1	39	52228V	17	 	 	 	 	 	 	 	 	 	 	 	 	 	 	 	 	0	1	1	1	1	2	2	1	2	2	0	0	0	0	0	0	1	1	1	1	1	1	1	1	1	1	2	1
1	39	52230X	24	 	 	 	 	 	 	 	 	 	 	 	 	 	 	 	 	0	1	1	1	1	1	1	1	1	1	0	0	0	0	0	0	3	1	1	2	1	2	1	2	1	1	1	1
1	39	52231Y	24	 	 	 	 	 	 	 	 	 	 	 	 	 	 	 	 	0	1	1	1	1	1	1	1	1	1	0	0	0	0	0	0	1	2	1	1	1	1	1	1	1	1	1	1
1	39	52232Z	32	0	0	 	 	 	 	 	 	 	 	 	 	 	 	 	 	0	1	0	1	 	1	 	 	1	 	0	 	0	 	0	 	1	 	1	 	2	 	2	 	1	 	1	1
1	39	52233A	32	0	1	 	1	 	0	 	1	 	0	 	3	 	3	 	2	0	1	0	1	 	1	 	1	1	 	0	 	0	 	0	 	1	 	1	 	1	 	1	 	1	 	1	1
1	39	52234B	32	1	0	1	 	1	 	3	 	1	 	1	 	1	 	1	 	0	0	0	 	0	0	0	0	0	0	0	0	0	0	0	0	0	0	0	0	0	0	0	0	0	0	0	0
1	39	52236D	32	0	0	 	 	 	 	 	 	 	 	 	 	 	 	 	 	0	1	1	1	1	1	1	1	2	2	0	0	0	0	0	0	3	1	1	2	1	2	1	2	1	1	2	2
1	39	52237E	32	0	0	 	 	 	 	 	 	 	 	 	 	 	 	 	 	0	1	1	1	1	1	1	1	1	1	0	0	0	0	0	0	1	1	1	2	1	1	1	2	1	1	1	1
1	39	52238F	33	0	0	 	 	 	 	 	 	 	 	 	 	 	 	 	 	0	1	1	1	1	1	1	1	1	1	0	0	0	0	0	0	1	1	1	2	1	1	2	2	1	1	1	2
1	39	52239G	40	 	 	 	 	 	 	 	 	 	 	 	 	 	 	 	 	0	1	1	1	1	1	1	0	1	1	0	0	0	0	0	0	1	1	1	2	1	2	1	2	1	1	1	1
1	39	52241J	40	 	 	 	 	 	 	 	 	 	 	 	 	 	 	 	 	0	1	1	1	1	2	2	1	1	1	0	0	0	0	0	0	1	1	1	1	1	1	1	1	1	1	1	1
1	39	52242K	48	 	 	 	 	 	 	 	 	 	 	 	 	 	 	 	 	0	1	1	1	1	1	1	1	2	2	0	0	0	0	1	0	1	1	1	1	1	2	1	1	1	1	1	1
1	39	52243L	48	 	 	 	 	 	 	 	 	 	 	 	 	 	 	 	 	0	 	 	 	 	 	 	 	 	0	0	0	0	0	0	0	0	0	0	0	0	0	0	0	0	0	0	0
1	39	52244M	64	 	 	 	 	 	 	 	 	 	 	 	 	 	 	 	 	0	1	1	1	1	1	1	1	2	2	0	0	0	0	0	0	1	1	1	2	1	2	1	2	1	2	2	2
1	39	52245N	65	0	0	 	 	 	 	 	 	 	 	 	 	 	 	 	 	0	1	0	1	 	1	 	0	2	 	0	 	0	 	0	 	1	 	1	 	1	 	2	 	1	 	 	9
1	39	52246P	72	 	 	 	 	 	 	 	 	 	 	 	 	 	 	 	 	0	1	1	1	1	1	1	0	2	2	0	0	0	1	1	0	1	1	1	1	1	1	1	1	1	1	1	2
1	39	52247Q	73	1	 	1	 	1	 	3	 	1	 	1	 	1	 	1	 	0	 	0	0	0	0	0	0	0	0	0	0	0	0	0	0	0	0	0	0	0	0	0	0	0	0	0	0
1	39	52248R	73	 	 	 	 	 	 	 	 	 	 	 	 	 	 	 	 	0	0	0	 	0	0	0	0	0	0	0	0	0	0	0	0	0	0	0	0	0	0	0	0	0	0	0	0
1	39	52249S	73	 	 	 	 	 	 	 	 	 	 	 	 	 	 	 	 	0	1	1	1	1	2	2	1	1	2	0	0	0	0	0	0	3	1	1	2	1	1	1	1	1	1	2	2
1	39	52250T	80	 	 	 	 	 	 	 	 	 	 	 	 	 	 	 	 	0	1	1	1	1	1	1	1	2	2	0	0	1	0	0	0	1	1	1	1	1	1	1	1	1	1	1	1
1	39	52251V	80	 	 	 	 	 	 	 	 	 	 	 	 	 	 	 	 	0	1	 	1	 	1	 	 	2	 	0	 	1	 	0	 	1	 	1	 	1	 	1	 	2	 	 	 
1	39	52253X	25	 	 	 	 	 	 	 	 	 	 	 	 	 	 	 	 	0	0	 	 	 	 	 	 	 	 	 	 	 	 	 	 	 	 	1	2	 	 	 	 	 	 	 	 
1	39	52254Y	73	 	 	 	 	 	 	 	 	 	 	 	 	 	 	 	 	0	1	1	1	1	1	1	1	1	1	0	0	0	0	0	0	1	1	1	1	1	2	1	1	1	1	1	1
2	39	61001F	2	0	0	 	 	 	 	 	 	 	 	 	 	 	 	 	 	0	1	1	1	1	1	1	1	1	1	0	0	0	0	0	0	1	1	1	1	1	1	1	1	1	1	1	1
2	39	61002G	2	0	0	 	 	 	 	 	 	 	 	 	 	 	 	 	 	0	1	0	1	 	1	 	 	1	 	0	 	0	 	0	 	3	 	1	 	1	 	1	 	1	 	1	1
2	39	61003H	2	0	0	 	 	 	 	 	 	 	 	 	 	 	 	 	 	0	1	1	1	1	2	2	1	1	1	0	0	0	0	0	0	3	1	1	1	1	1	1	1	1	1	2	1
2	39	61005K	2	0	0	 	 	 	 	 	 	 	 	 	 	 	 	 	 	0	1	1	1	1	1	1	1	1	1	0	0	0	0	0	0	1	1	1	1	1	1	1	1	1	1	1	1
2	39	61006L	2	0	0	 	 	 	 	 	 	 	 	 	 	 	 	 	 	0	1	0	1	 	1	 	 	1	 	0	 	0	 	0	 	3	 	1	 	2	 	1	 	1	 	1	1
2	39	61007M	2	0	0	 	 	 	 	 	 	 	 	 	 	 	 	 	 	0	1	1	1	1	1	1	1	2	2	0	0	0	0	0	0	1	1	1	1	1	1	1	2	1	1	1	1
2	39	61008N	2	0	0	 	 	 	 	 	 	 	 	 	 	 	 	 	 	0	1	1	1	1	1	1	1	1	1	0	0	0	0	0	0	1	1	1	1	1	1	1	1	1	1	2	1
2	39	61009P	2	0	0	 	 	 	 	 	 	 	 	 	 	 	 	 	 	0	1	1	1	1	1	1	1	1	1	0	0	0	0	0	0	1	1	1	1	1	2	1	2	1	1	2	1
2	39	61010Q	2	0	0	 	 	 	 	 	 	 	 	 	 	 	 	 	 	0	1	1	1	1	1	1	1	1	1	0	0	0	0	0	0	1	1	1	1	1	1	1	1	1	1	1	1
2	39	61012S	2	0	0	 	 	 	 	 	 	 	 	 	 	 	 	 	 	0	1	1	1	1	1	1	1	1	2	0	0	0	0	0	0	1	2	1	1	1	1	1	1	2	2	2	2
2	39	61013T	7	0	0	 	 	 	 	 	 	 	 	 	 	 	 	 	 	0	1	1	1	1	1	1	0	1	1	0	0	0	0	0	0	1	1	1	1	1	1	1	1	1	1	1	1
2	39	61014V	7	0	0	 	 	 	 	 	 	 	 	 	 	 	 	 	 	0	1	1	1	1	1	1	1	1	1	0	0	0	0	0	0	1	1	1	1	1	1	1	1	1	1	1	1
2	39	61015W	7	0	0	 	 	 	 	 	 	 	 	 	 	 	 	 	 	0	1	1	2	1	1	1	1	1	1	0	0	0	0	0	0	1	1	1	1	1	1	2	1	1	1	1	3
2	39	61018Z	7	0	0	 	 	 	 	 	 	 	 	 	 	 	 	 	 	0	1	1	1	1	1	1	1	1	1	0	0	0	0	0	0	1	1	1	1	1	1	1	1	1	1	1	1
2	39	61019A	7	0	0	 	 	 	 	 	 	 	 	 	 	 	 	 	 	0	1	1	1	1	1	1	1	2	2	0	0	0	0	0	0	1	1	2	2	1	1	1	2	1	2	2	2
2	39	61020B	7	1	0	0	 	0	 	4	 	1	 	1	 	1	 	1	 	0	0	0	 	0	0	0	0	0	0	0	0	0	0	0	0	0	0	0	0	0	0	0	0	0	0	0	0
2	39	61021C	7	0	0	 	 	 	 	 	 	 	 	 	 	 	 	 	 	1	0	0	 	0	0	0	0	0	0	0	0	0	0	0	0	0	0	0	0	0	0	0	0	0	0	0	0
2	39	61022D	10	0	0	 	 	 	 	 	 	 	 	 	 	 	 	 	 	0	1	1	1	1	1	1	1	1	1	0	0	0	0	0	0	1	1	1	1	1	1	1	1	1	1	1	3
2	39	61023E	10	0	0	 	 	 	 	 	 	 	 	 	 	 	 	 	 	0	1	1	1	1	1	1	1	1	1	0	0	0	0	0	0	1	1	1	1	1	1	1	1	1	1	1	1
2	39	61025G	10	0	0	 	 	 	 	 	 	 	 	 	 	 	 	 	 	0	1	1	1	1	2	2	1	1	1	0	0	0	0	0	0	1	1	1	1	1	1	1	1	1	1	1	1
2	39	61026H	10	0	0	 	 	 	 	 	 	 	 	 	 	 	 	 	 	0	1	1	1	1	1	1	0	2	1	0	0	0	0	0	0	1	1	1	1	1	1	1	1	1	1	2	1
2	39	61027J	10	0	0	 	 	 	 	 	 	 	 	 	 	 	 	 	 	0	0	0	1	1	1	1	1	1	1	0	0	0	0	0	0	1	1	1	2	1	1	1	2	1	2	2	1
2	39	61028K	10	0	0	 	 	 	 	 	 	 	 	 	 	 	 	 	 	0	1	1	1	1	1	1	1	1	1	0	0	0	0	0	0	1	1	1	1	1	1	1	1	1	1	1	3
2	39	61029L	10	0	0	 	 	 	 	 	 	 	 	 	 	 	 	 	 	0	0	0	 	0	0	0	0	0	0	0	0	0	0	0	0	0	0	0	0	0	0	0	0	0	0	0	0
2	39	61030M	10	0	0	 	 	 	 	 	 	 	 	 	 	 	 	 	 	0	0	0	 	 	 	 	 	 	 	 	 	 	 	 	 	 	 	 	 	 	 	 	 	 	 	 	 
2	39	61031N	15	0	0	 	 	 	 	 	 	 	 	 	 	 	 	 	 	0	1	1	1	1	1	1	1	2	2	0	0	0	0	0	0	1	1	1	1	1	1	1	1	1	1	2	1
2	39	61032P	15	0	0	 	 	 	 	 	 	 	 	 	 	 	 	 	 	0	1	1	1	1	1	1	1	2	2	0	0	0	0	0	0	1	1	1	1	1	1	1	1	1	1	2	1
2	39	61033Q	15	0	0	 	 	 	 	 	 	 	 	 	 	 	 	 	 	0	1	1	1	1	1	1	1	1	1	0	0	0	0	0	0	3	1	1	2	1	2	1	1	1	1	2	1
2	39	61034R	15	0	0	 	 	 	 	 	 	 	 	 	 	 	 	 	 	0	1	1	1	1	1	1	1	1	1	1	0	0	0	0	0	3	1	1	1	1	1	1	1	1	1	1	1
2	39	61035S	15	1	1	1	1	0	1	4	1	1	1	1	1	1	1	1	1	0	0	0	 	0	0	0	0	0	0	0	0	0	0	0	0	0	0	0	0	0	0	0	0	0	0	0	0
2	39	61036T	15	1	0	0	 	0	 	4	 	1	 	1	 	1	 	1	 	0	0	0	 	0	0	0	0	0	0	0	0	0	0	0	0	0	0	0	0	0	0	0	0	0	0	0	0
2	39	61037V	15	0	0	 	 	 	 	 	 	 	 	 	 	 	 	 	 	0	1	1	1	1	1	1	0	1	1	0	0	0	0	0	0	3	1	1	1	1	1	1	1	1	1	1	1
2	39	61038W	15	0	0	 	 	 	 	 	 	 	 	 	 	 	 	 	 	0	1	1	1	1	1	1	1	1	1	0	0	0	0	0	0	3	1	1	1	1	1	1	1	1	1	1	1
2	39	61039X	15	1	0	0	 	0	 	4	 	1	 	1	 	1	 	1	 	1	0	1	 	1	 	1	1	 	1	 	0	 	0	 	0	 	1	 	2	 	1	 	1	 	1	1	1
2	39	61040Y	15	0	1	 	1	 	0	 	1	 	0	 	3	 	3	 	2	0	1	 	1	 	1	 	1	1	 	1	 	1	 	1	 	1	 	1	 	1	 	1	 	1	 	1	1
2	39	61041Z	18	 	 	 	 	 	 	 	 	 	 	 	 	 	 	 	 	0	1	1	2	2	1	1	1	2	2	0	0	0	0	0	0	1	1	1	1	1	1	1	1	1	1	1	1
2	39	61042A	18	 	 	 	 	 	 	 	 	 	 	 	 	 	 	 	 	0	1	1	1	1	1	1	1	1	1	0	0	0	0	0	0	1	1	1	1	1	1	2	1	1	1	1	1
2	39	61043B	18	 	 	 	 	 	 	 	 	 	 	 	 	 	 	 	 	0	1	1	1	1	1	1	1	1	 	0	0	0	0	0	0	1	1	1	1	1	2	1	2	1	1	1	1
2	39	61044C	18	 	 	 	 	 	 	 	 	 	 	 	 	 	 	 	 	0	1	1	1	1	1	1	1	1	1	0	0	0	0	0	0	1	1	1	1	1	1	1	1	1	1	1	1
2	39	61045D	18	 	 	 	 	 	 	 	 	 	 	 	 	 	 	 	 	0	1	1	1	1	1	1	1	1	1	0	0	0	0	0	0	1	1	1	1	1	1	1	1	1	1	1	1
2	39	61047F	18	0	1	 	1	 	1	 	1	 	1	 	1	 	1	 	1	1	1	0	1	 	1	 	1	1	 	0	 	0	 	0	 	1	1	1	 	1	 	2	 	1	 	1	1
2	39	61049H	18	0	0	 	 	 	 	 	 	 	 	 	 	 	 	 	 	0	0	0	 	0	0	0	0	0	0	0	0	0	0	0	0	0	0	0	0	0	0	0	0	0	0	0	0
2	39	61050J	18	 	 	 	 	 	 	 	 	 	 	 	 	 	 	 	 	0	1	1	1	1	1	1	1	1	1	0	0	0	0	0	0	1	1	1	2	1	1	1	2	1	1	1	1
2	39	61051K	18	 	 	 	 	 	 	 	 	 	 	 	 	 	 	 	 	0	1	1	1	1	1	1	1	2	1	0	0	0	0	0	0	3	1	1	2	1	1	1	2	1	1	2	1
2	39	61052L	18	1	1	1	1	1	1	1	1	0	1	1	1	1	1	1	1	0	 	0	0	0	0	0	0	0	0	0	0	0	0	0	0	0	0	0	0	0	0	0	0	0	0	0	0
2	39	61053M	23	0	0	 	 	 	 	 	 	 	 	 	 	 	 	 	 	0	1	1	1	1	1	1	1	1	1	0	0	0	0	0	0	1	1	1	1	1	1	1	1	1	1	1	1
2	39	61054N	23	0	0	 	 	 	 	 	 	 	 	 	 	 	 	 	 	0	1	1	1	1	1	1	1	2	1	0	0	0	0	0	0	1	1	1	2	1	2	1	1	1	1	1	1
2	39	61056Q	23	0	0	 	 	 	 	 	 	 	 	 	 	 	 	 	 	0	1	1	1	1	1	1	1	1	1	0	0	0	0	0	0	1	1	1	1	1	1	1	1	1	1	1	1
2	39	61057R	23	0	0	 	 	 	 	 	 	 	 	 	 	 	 	 	 	0	1	1	1	1	1	1	1	1	2	0	0	0	0	0	0	3	1	1	1	1	1	1	1	1	1	1	1
2	39	61058S	23	0	0	 	 	 	 	 	 	 	 	 	 	 	 	 	 	0	1	1	1	1	1	1	1	1	1	0	0	0	0	0	0	1	1	1	1	1	1	1	1	1	1	1	1
2	39	61059T	23	0	0	 	 	 	 	 	 	 	 	 	 	 	 	 	 	0	0	0	 	0	0	0	0	0	0	0	0	0	0	0	0	0	0	0	0	0	0	0	0	0	0	0	0
2	39	61061W	23	0	0	 	 	 	 	 	 	 	 	 	 	 	 	 	 	0	1	0	1	 	1	 	 	2	 	0	 	0	 	0	 	1	 	1	 	1	 	1	 	1	 	0	0
2	39	61063Y	26	 	 	 	 	 	 	 	 	 	 	 	 	 	 	 	 	0	0	0	 	0	0	0	0	0	0	0	0	0	0	0	0	0	0	0	0	0	0	0	0	0	0	0	0
2	39	61064Z	26	 	 	 	 	 	 	 	 	 	 	 	 	 	 	 	 	0	1	1	1	1	1	1	1	2	2	0	0	0	0	0	0	1	1	1	1	1	1	2	1	2	1	2	2
2	39	61067C	26	 	 	 	 	 	 	 	 	 	 	 	 	 	 	 	 	0	 	0	0	0	0	0	0	0	0	0	0	0	0	0	0	0	0	0	0	0	0	0	0	0	0	0	0
2	39	61068D	26	 	 	 	 	 	 	 	 	 	 	 	 	 	 	 	 	1	1	0	1	 	1	 	 	1	 	0	 	0	 	0	 	1	 	1	 	1	 	1	 	1	 	1	1
2	39	61069E	26	 	 	 	 	 	 	 	 	 	 	 	 	 	 	 	 	0	1	 	1	 	1	 	 	1	 	0	 	0	 	0	 	1	 	1	 	1	 	1	 	1	 	2	1
2	39	61070F	26	 	 	 	 	 	 	 	 	 	 	 	 	 	 	 	 	0	 	0	0	0	0	0	0	0	0	0	0	0	0	0	0	0	0	0	0	0	0	0	0	0	0	0	0
2	39	61071G	26	1	1	1	1	1	1	3	3	0	0	1	1	1	1	1	1	0	 	0	0	0	0	0	0	0	0	0	0	0	0	0	0	0	0	0	0	0	0	0	0	0	0	0	0
2	39	61072H	26	 	 	 	 	 	 	 	 	 	 	 	 	 	 	 	 	0	1	1	1	1	1	1	1	2	2	0	0	0	0	0	0	1	1	1	1	1	1	1	1	1	2	1	2
2	39	61073J	31	0	0	 	 	 	 	 	 	 	 	 	 	 	 	 	 	0	1	1	1	1	1	1	1	1	1	0	0	0	0	0	0	1	1	1	1	1	1	1	1	1	1	1	2
2	39	61074K	31	0	0	 	 	 	 	 	 	 	 	 	 	 	 	 	 	0	1	1	1	1	2	2	1	1	1	0	0	0	0	0	0	1	1	1	1	1	2	1	2	1	1	2	1
2	39	61076M	31	0	0	 	 	 	 	 	 	 	 	 	 	 	 	 	 	1	0	0	 	0	0	0	0	0	0	0	0	0	0	0	0	0	0	0	0	0	0	0	0	0	0	0	0
2	39	61077N	31	0	0	 	 	 	 	 	 	 	 	 	 	 	 	 	 	0	1	1	1	1	1	1	1	2	2	0	0	0	0	0	0	3	1	1	1	1	2	1	2	1	1	2	2
2	39	61078P	31	0	0	 	 	 	 	 	 	 	 	 	 	 	 	 	 	0	1	1	1	1	1	1	1	1	1	0	0	0	0	0	0	3	1	1	1	1	1	1	2	1	1	1	1
2	39	61080R	31	0	1	 	1	 	1	 	2	 	0	 	3	 	3	 	2	0	0	0	 	0	0	0	0	0	0	0	0	0	0	0	0	0	0	0	0	0	0	0	0	0	0	0	0
2	39	61081S	31	1	0	1	 	1	 	3	 	1	 	1	 	1	 	1	 	0	0	0	 	0	0	0	0	0	0	0	0	0	0	0	0	0	0	0	0	0	0	0	0	0	0	0	0
2	39	61083V	34	0	0	 	 	 	 	 	 	 	 	 	 	 	 	 	 	0	1	1	1	1	1	1	1	1	1	0	0	0	0	0	0	1	1	1	2	1	1	1	2	2	2	1	3
2	39	61084W	34	0	0	 	 	 	 	 	 	 	 	 	 	 	 	 	 	0	1	1	1	1	1	1	1	1	1	0	0	0	0	0	0	1	1	1	1	1	1	1	1	1	2	2	1
2	39	61085X	34	0	0	 	 	 	 	 	 	 	 	 	 	 	 	 	 	0	1	1	1	1	1	1	1	2	2	0	0	0	0	0	0	1	1	1	1	1	1	2	1	1	1	2	1
2	39	61086Y	34	0	0	 	 	 	 	 	 	 	 	 	 	 	 	 	 	0	 	0	0	0	0	0	0	0	0	0	0	0	0	0	0	0	0	0	0	0	0	0	0	0	0	0	0
2	39	61087Z	34	0	0	 	 	 	 	 	 	 	 	 	 	 	 	 	 	0	 	0	0	0	0	0	0	0	0	0	0	0	0	0	0	0	0	0	0	0	0	0	0	0	0	0	0
2	39	61088A	34	0	0	 	 	 	 	 	 	 	 	 	 	 	 	 	 	0	 	0	0	0	0	0	0	0	0	0	0	0	0	0	0	0	0	0	0	0	0	0	0	0	0	0	0
2	39	61089B	34	0	0	 	 	 	 	 	 	 	 	 	 	 	 	 	 	0	1	1	1	1	1	1	1	1	2	0	0	0	0	0	0	1	1	1	1	1	1	1	1	1	1	1	3
2	39	61090C	39	 	 	 	 	 	 	 	 	 	 	 	 	 	 	 	 	1	1	1	1	1	1	1	1	2	2	0	0	0	0	0	0	1	1	1	2	1	2	1	2	1	1	2	2
2	39	61091D	39	 	 	 	 	 	 	 	 	 	 	 	 	 	 	 	 	0	1	1	1	1	1	1	1	1	1	0	0	0	0	0	0	1	1	1	1	1	1	1	1	1	1	1	1
2	39	61092E	39	 	 	 	 	 	 	 	 	 	 	 	 	 	 	 	 	0	1	1	1	1	1	1	1	2	2	0	0	0	0	0	0	3	1	1	2	1	1	1	2	1	1	1	1
2	39	61094G	39	 	 	 	 	 	 	 	 	 	 	 	 	 	 	 	 	0	1	1	1	1	1	1	1	1	1	0	0	0	0	0	0	1	1	1	1	1	1	1	1	1	1	1	2
2	39	61095H	39	 	 	 	 	 	 	 	 	 	 	 	 	 	 	 	 	0	1	1	1	1	1	1	1	1	1	0	0	0	0	0	0	1	1	1	1	1	1	1	1	1	1	1	1
2	39	61096J	39	 	 	 	 	 	 	 	 	 	 	 	 	 	 	 	 	0	1	1	1	1	1	1	1	1	1	0	0	0	0	0	0	1	1	1	2	1	2	1	2	1	1	2	1
2	39	61098L	39	 	 	 	 	 	 	 	 	 	 	 	 	 	 	 	 	0	 	0	0	0	0	0	0	0	0	0	0	0	0	0	0	0	0	0	0	0	0	0	0	0	0	0	0
2	39	61101P	42	 	 	 	 	 	 	 	 	 	 	 	 	 	 	 	 	0	1	1	1	1	2	2	1	1	1	0	0	0	0	0	0	1	1	1	1	1	1	1	1	1	1	2	1
2	39	61102Q	42	 	0	 	 	 	 	 	 	 	 	 	 	 	 	 	 	0	0	0	 	0	0	0	0	0	0	0	0	0	0	0	0	0	0	0	0	0	0	0	0	0	0	0	0
2	39	61103R	42	0	0	 	 	 	 	 	 	 	 	 	 	 	 	 	 	0	0	0	 	0	0	0	0	0	0	0	0	0	0	0	0	0	0	0	0	0	0	0	0	0	0	0	0
2	39	61104S	42	1	0	0	 	1	 	1	 	1	 	1	 	1	 	1	 	1	0	0	 	0	0	0	0	0	0	0	0	0	0	0	0	0	0	0	0	0	0	0	0	0	0	0	0
2	39	61105T	42	 	 	 	 	 	 	 	 	 	 	 	 	 	 	 	 	0	0	0	1	1	1	1	1	1	1	0	0	0	0	0	0	1	1	1	2	1	2	1	1	1	1	1	1
2	39	61106V	47	0	0	 	 	 	 	 	 	 	 	 	 	 	 	 	 	0	1	1	1	1	1	1	1	2	1	0	0	1	0	1	0	1	1	1	1	1	1	1	1	1	1	1	1
2	39	61107W	47	1	0	1	 	1	 	2	 	1	 	3	 	3	 	2	 	0	0	1	 	1	 	1	1	 	1	 	0	 	0	 	0	 	1	 	2	 	2	 	1	 	1	1	1
2	39	61110Z	47	0	0	 	 	 	 	 	 	 	 	 	 	 	 	 	 	0	0	0	 	0	0	0	0	0	0	0	0	0	0	0	0	0	0	0	0	0	0	0	0	0	0	0	0
2	39	61112B	47	1	1	1	1	1	1	1	1	1	1	1	1	1	1	1	1	0	0	0	 	0	0	0	0	0	0	0	0	0	0	0	0	0	0	0	0	0	0	0	0	0	0	0	0
2	39	61113C	47	0	0	 	 	 	 	 	 	 	 	 	 	 	 	 	 	0	0	0	 	0	0	0	0	0	0	0	0	0	0	0	0	0	0	0	0	0	0	0	0	0	0	0	0
2	39	61114D	47	0	0	 	 	 	 	 	 	 	 	 	 	 	 	 	 	0	0	0	 	0	0	0	0	0	0	0	0	0	0	0	0	0	0	0	0	0	0	0	0	0	0	0	0
2	39	61115E	47	0	0	 	 	 	 	 	 	 	 	 	 	 	 	 	 	0	0	0	 	0	0	0	0	0	0	0	0	0	0	0	0	0	0	0	0	0	0	0	0	0	0	0	0
2	39	61116F	47	0	1	 	1	 	1	 	1	 	1	 	3	 	3	 	2	0	1	 	1	 	1	 	1	1	 	0	 	0	 	0	 	1	 	1	 	1	 	1	 	1	 	1	1
2	39	61117G	50	 	 	 	 	 	 	 	 	 	 	 	 	 	 	 	 	0	1	1	1	1	1	1	1	1	1	0	0	0	0	0	0	1	1	1	1	1	1	1	1	1	1	1	1
2	39	61118H	50	 	 	 	 	 	 	 	 	 	 	 	 	 	 	 	 	0	1	1	1	1	1	1	1	1	1	0	0	0	0	0	0	1	1	1	2	2	1	2	2	1	1	1	2
2	39	61119J	50	 	 	 	 	 	 	 	 	 	 	 	 	 	 	 	 	0	1	1	1	1	1	1	1	2	2	0	0	0	0	0	0	1	1	1	2	1	2	1	1	1	1	1	1
2	39	61120K	50	 	 	 	 	 	 	 	 	 	 	 	 	 	 	 	 	0	1	1	1	1	1	1	1	2	2	0	0	0	0	0	0	1	1	1	1	1	2	1	2	1	1	2	2
2	39	61121L	50	0	0	 	 	 	 	 	 	 	 	 	 	 	 	 	 	0	 	0	0	0	0	0	0	0	0	0	0	0	0	0	0	0	0	0	0	0	0	0	0	0	0	0	0
2	39	61122M	50	 	 	0	0	0	0	0	0	0	0	0	0	0	0	0	0	0	0	0	0	0	0	0	0	0	0	0	0	0	0	0	0	0	0	0	0	0	0	0	0	0	0	0	0
2	39	61123N	50	 	 	 	 	 	 	 	 	 	 	 	 	 	 	 	 	0	1	 	1	 	1	 	 	1	 	0	 	0	 	0	 	1	 	1	1	1	 	1	 	1	 	 	 
2	39	61125Q	55	0	0	 	 	 	 	 	 	 	 	 	 	 	 	 	 	0	1	0	1	 	1	 	 	2	 	0	 	0	 	1	 	1	 	1	 	1	 	1	 	1	 	1	1
2	39	61126R	55	1	 	1	 	0	 	3	 	1	 	3	 	3	 	2	 	0	0	0	 	0	0	0	0	0	0	0	0	0	0	0	0	0	0	0	0	0	0	0	0	0	0	0	0
2	39	61127S	55	0	1	 	1	 	1	 	1	 	1	 	1	 	1	 	1	0	1	0	1	 	1	 	1	1	 	0	 	0	 	0	 	1	 	1	 	1	 	1	 	1	 	1	1
2	39	61128T	55	0	1	 	1	 	1	 	1	 	1	 	1	 	1	 	1	0	1	 	1	 	1	 	1	1	 	0	 	0	 	0	 	1	 	1	 	2	 	1	 	1	 	1	1
2	39	61129V	55	 	 	 	 	 	 	 	 	 	 	 	 	 	 	 	 	0	1	1	1	1	1	1	1	1	1	0	0	0	0	0	0	1	1	1	2	1	1	1	1	1	2	1	1
2	39	61130W	55	1	0	0	 	1	 	3	 	1	 	1	 	1	 	1	 	1	0	0	 	0	0	0	0	0	0	0	0	0	0	0	0	0	0	0	0	0	0	0	0	0	0	0	0
2	39	61131X	55	0	0	 	 	 	 	 	 	 	 	 	 	 	 	 	 	0	1	1	1	1	1	1	1	1	1	0	0	0	0	0	0	1	1	1	1	1	1	1	2	1	1	1	1
2	39	61132Y	55	0	0	 	 	 	 	 	 	 	 	 	 	 	 	 	 	0	1	1	1	1	1	1	1	1	2	0	0	0	0	0	0	1	1	1	1	1	2	1	2	1	2	2	1
2	39	61133Z	55	1	1	1	1	1	1	2	1	1	1	1	1	1	1	2	1	0	 	0	0	0	0	0	0	0	0	0	0	0	0	0	0	0	0	0	0	0	0	0	0	0	0	0	0
2	39	61134A	55	 	 	0	0	0	0	0	0	0	0	0	0	0	0	0	0	0	0	0	0	0	0	0	0	0	0	0	0	0	0	0	0	0	0	0	0	0	0	0	0	0	0	0	0
2	39	61135B	55	0	0	 	 	 	 	 	 	 	 	 	 	 	 	 	 	0	1	1	1	1	1	1	1	1	1	0	0	0	0	0	0	1	1	1	1	1	1	1	2	1	2	2	1
2	39	61136C	55	1	0	1	 	1	 	3	 	1	 	1	 	3	 	1	 	0	 	0	0	0	0	0	0	0	0	0	0	0	0	0	0	0	0	0	0	0	0	0	0	0	0	0	0
2	39	61137D	55	1	0	1	0	0	 	3	 	1	 	1	 	1	 	1	 	1	 	0	0	0	0	0	0	0	0	0	0	0	0	0	0	0	0	0	0	0	0	0	0	0	0	0	0
2	39	61138E	58	0	0	 	 	 	 	 	 	 	 	 	 	 	 	 	 	0	1	1	1	1	1	1	1	1	1	0	0	0	0	0	0	3	1	1	2	1	1	1	2	1	1	1	2
2	39	61139F	58	0	0	 	 	 	 	 	 	 	 	 	 	 	 	 	 	0	1	1	1	1	1	1	0	1	2	0	0	0	0	0	0	3	1	1	1	1	2	1	2	1	1	2	2
2	39	61141H	58	0	0	 	 	 	 	 	 	 	 	 	 	 	 	 	 	0	1	1	1	1	1	1	1	2	2	1	0	0	0	0	0	3	1	1	2	1	1	1	1	1	1	1	2
2	39	61142J	58	0	1	 	1	 	1	 	1	 	1	 	1	 	1	 	1	1	1	0	1	 	1	 	 	1	 	0	 	0	 	0	 	1	 	1	 	1	 	1	 	1	 	1	1
2	39	61143K	58	0	0	 	 	 	 	 	 	 	 	 	 	 	 	 	 	0	0	0	 	 	 	 	 	0	0	0	0	0	0	0	0	0	0	0	0	0	0	0	0	0	0	0	0
2	39	61144L	58	1	1	1	1	1	1	2	3	1	1	1	1	1	1	1	1	0	0	0	 	0	0	0	0	0	0	0	0	0	0	0	0	0	0	0	0	0	0	0	0	0	0	0	0
2	39	61145M	58	0	0	 	 	 	 	 	 	 	 	 	 	 	 	 	 	0	1	1	1	1	1	1	1	1	1	0	0	0	0	0	0	1	1	1	1	1	2	1	2	1	1	2	2
2	39	61146N	63	0	0	 	 	 	 	 	 	 	 	 	 	 	 	 	 	0	1	1	1	1	1	1	1	1	1	0	0	0	0	0	0	1	1	1	1	1	1	1	1	1	1	1	1
2	39	61147P	63	0	0	 	 	 	 	 	 	 	 	 	 	 	 	 	 	0	1	1	1	1	1	2	1	2	2	0	0	0	0	1	0	3	1	1	1	1	1	1	1	1	1	2	2
2	39	61148Q	63	1	1	1	1	0	1	4	2	1	0	3	3	1	1	2	2	0	0	0	 	0	0	0	0	0	0	0	0	0	0	0	0	0	0	0	0	0	0	0	0	0	0	0	0
2	39	61149R	63	0	0	 	 	 	 	 	 	 	 	 	 	 	 	 	 	0	1	1	2	1	1	1	1	1	2	0	0	0	0	0	0	1	1	1	2	1	2	1	2	1	1	1	1
2	39	61150S	63	0	0	 	 	 	 	 	 	 	 	 	 	 	 	 	 	0	1	1	1	1	1	1	1	1	1	0	0	0	0	0	0	1	1	1	1	1	1	1	1	1	1	1	1
2	39	61151T	63	0	0	 	 	 	 	 	 	 	 	 	 	 	 	 	 	0	0	0	 	0	0	0	0	0	0	0	0	0	0	0	0	0	0	0	0	0	0	0	0	0	0	0	0
2	39	61152V	63	1	0	0	 	1	 	4	 	1	 	1	 	1	 	1	 	1	0	0	 	0	0	0	0	0	0	0	0	0	0	0	0	0	0	0	0	0	0	0	0	0	0	0	0
2	39	61153W	63	0	0	 	 	 	 	 	 	 	 	 	 	 	 	 	 	1	1	1	 	0	0	0	0	0	0	0	0	0	0	0	0	0	0	0	0	0	0	0	0	0	0	0	0
2	39	61154X	63	0	0	 	 	 	 	 	 	 	 	 	 	 	 	 	 	0	0	0	 	0	0	0	0	0	0	0	0	0	0	0	0	0	0	0	0	0	0	0	0	0	0	0	0
2	39	61155Y	63	0	0	 	 	 	 	 	 	 	 	 	 	 	 	 	 	0	0	0	 	0	0	0	0	0	0	0	0	0	0	0	0	0	0	0	0	0	0	0	0	0	0	0	0
2	39	61156Z	63	1	1	1	1	1	1	4	4	1	1	3	3	3	3	2	2	0	0	0	 	0	0	0	0	0	0	0	0	0	0	0	0	0	0	0	0	0	0	0	0	0	0	0	0
2	39	61157A	63	0	0	 	 	 	 	 	 	 	 	 	 	 	 	 	 	0	0	0	 	0	0	0	0	0	0	0	0	0	0	0	0	0	0	0	0	0	0	0	0	0	0	0	0
2	39	61158B	63	0	0	 	 	 	 	 	 	 	 	 	 	 	 	 	 	0	1	1	1	1	1	1	1	2	2	0	0	0	0	0	0	1	1	1	2	1	1	1	1	1	1	2	1
2	39	61159C	63	1	0	0	 	0	 	4	 	1	 	2	 	1	 	2	 	0	 	0	0	0	0	0	0	0	0	0	0	0	0	0	0	0	0	0	0	0	0	0	0	0	0	0	0
2	39	61160D	63	1	0	0	 	1	 	2	 	0	 	1	 	1	 	1	 	1	0	0	 	 	 	 	 	 	 	 	 	 	 	 	 	 	 	 	 	 	 	 	 	 	 	 	 
2	39	61161E	63	0	0	 	 	 	 	 	 	 	 	 	 	 	 	 	 	0	1	1	1	1	1	1	1	1	1	0	0	0	0	0	0	3	1	1	1	1	1	1	1	1	1	1	1
2	39	61162F	63	0	0	 	 	 	 	 	 	 	 	 	 	 	 	 	 	0	0	0	 	 	 	 	 	 	 	 	 	 	 	 	 	 	 	 	 	 	 	 	 	 	 	 	 
2	39	61163G	66	0	0	 	 	 	 	 	 	 	 	 	 	 	 	 	 	0	1	1	1	1	1	1	1	1	1	0	0	0	0	0	0	1	1	1	1	1	1	1	1	1	1	1	2
2	39	61165J	66	1	0	1	 	1	 	2	 	1	 	1	 	1	 	1	 	0	0	1	 	1	 	1	1	 	1	 	0	 	0	 	0	 	1	 	1	 	2	 	2	 	1	1	2
2	39	61166K	66	0	0	 	 	 	 	 	 	 	 	 	 	 	 	 	 	0	1	1	2	1	1	1	1	2	2	0	0	1	0	0	0	1	1	1	2	2	2	2	2	1	1	2	3
2	39	61169N	66	0	0	 	 	 	 	 	 	 	 	 	 	 	 	 	 	0	1	1	1	1	1	1	1	2	2	0	0	0	0	0	0	1	1	2	1	2	2	2	2	1	2	1	2
2	39	61170P	66	0	1	 	1	 	1	 	1	 	0	 	3	 	3	 	2	0	1	0	2	 	1	 	1	1	 	0	0	0	0	0	0	1	1	1	 	1	 	1	 	1	 	1	1
2	39	61171Q	71	1	1	1	1	1	1	2	1	1	1	3	1	1	1	1	1	0	 	0	0	0	0	0	0	0	0	0	0	0	0	0	0	0	0	0	0	0	0	0	0	0	0	0	0
2	39	61172R	71	0	0	 	 	 	 	 	 	 	 	 	 	 	 	 	 	0	1	1	1	1	2	2	1	1	1	0	0	0	0	0	0	3	1	1	1	1	1	1	1	1	2	1	1
2	39	61173S	71	 	 	 	 	 	 	 	 	 	 	 	 	 	 	 	 	0	1	1	1	1	1	1	1	1	1	0	0	0	0	0	0	1	1	1	1	1	1	1	1	1	1	1	1
2	39	61174T	71	0	0	 	 	 	 	 	 	 	 	 	 	 	 	 	 	0	1	1	1	1	1	1	1	1	1	0	0	0	0	0	0	1	1	1	1	1	2	1	2	1	2	1	1
2	39	61175V	71	1	0	1	 	1	 	1	 	1	 	1	 	1	 	1	 	0	0	1	 	1	 	1	1	 	1	 	0	 	0	 	0	 	1	 	1	 	1	 	1	 	1	1	1
2	39	61176W	71	1	1	1	1	1	1	2	2	1	1	1	1	1	1	1	1	0	 	0	0	0	0	0	0	0	0	0	0	0	0	0	0	0	0	0	0	0	0	0	0	0	0	0	0
2	39	61177X	71	1	0	1	 	0	 	1	 	0	 	1	 	1	 	1	 	0	0	1	 	1	 	1	1	 	1	 	0	 	0	 	0	 	1	 	1	 	1	 	1	 	2	 	 
2	39	61178Y	71	 	 	 	 	 	 	 	 	 	 	 	 	 	 	 	 	0	1	1	1	1	1	1	1	1	1	0	0	0	0	0	0	1	1	1	1	1	1	1	1	1	1	1	1
2	39	61179Z	71	0	0	 	 	 	 	 	 	 	 	 	 	 	 	 	 	0	0	0	 	0	0	0	0	0	0	0	0	0	0	0	0	0	0	0	0	0	0	0	0	0	0	0	0
2	39	61181B	71	1	0	0	 	1	 	3	 	1	 	1	 	1	 	1	 	0	 	0	0	0	0	0	0	0	0	0	0	0	0	0	0	0	0	0	0	0	0	0	0	0	0	0	0
2	39	61182C	71	0	0	 	 	 	 	 	 	 	 	 	 	 	 	 	 	0	0	0	 	0	0	0	0	0	0	0	0	0	0	0	0	0	0	0	0	0	0	0	0	0	0	0	0
2	39	61183D	71	0	0	 	 	 	 	 	 	 	 	 	 	 	 	 	 	1	0	0	 	0	0	0	0	0	0	0	0	0	0	0	0	0	0	0	0	0	0	0	0	0	0	0	0
2	39	61184E	71	1	0	1	 	1	 	3	 	1	 	3	 	3	 	2	 	0	0	0	 	0	0	0	0	0	0	0	0	0	0	0	0	0	0	0	0	0	0	0	0	0	0	0	0
2	39	61185F	71	1	0	1	 	1	 	2	 	0	 	3	 	3	 	2	 	0	0	0	 	0	0	0	0	0	0	0	0	0	0	0	0	0	0	0	0	0	0	0	0	0	0	0	0
2	39	61186G	71	1	1	0	1	0	1	3	2	1	1	1	3	1	3	1	2	0	0	0	 	0	0	0	0	0	0	0	0	0	0	0	0	0	0	0	0	0	0	0	0	0	0	0	0
2	39	61187H	71	0	0	 	 	 	 	 	 	 	 	 	 	 	 	 	 	1	1	0	1	 	1	 	0	1	 	0	 	0	 	0	 	1	 	1	 	1	 	1	 	1	 	 	0
2	39	61188J	74	1	1	1	0	1	1	4	1	1	0	1	2	1	1	1	2	0	0	0	 	0	0	0	0	0	0	0	0	0	0	0	0	0	0	0	0	0	0	0	0	0	0	0	0
2	39	61189K	74	1	0	1	 	1	 	4	 	1	 	2	 	1	 	2	 	0	0	0	 	0	0	0	0	0	0	0	0	0	0	0	0	0	0	0	0	0	0	0	0	0	0	0	0
2	39	61190L	74	0	0	 	 	 	 	 	 	 	 	 	 	 	 	 	 	0	0	0	 	0	0	0	0	0	0	0	0	0	0	0	0	0	0	0	0	0	0	0	0	0	0	0	0
2	39	61192N	74	1	0	0	 	1	 	4	 	1	 	2	 	1	 	2	 	0	0	0	 	0	0	0	0	0	0	0	0	0	0	0	0	0	0	0	0	0	0	0	0	0	0	0	0
2	39	61193P	74	0	0	 	 	 	 	 	 	 	 	 	 	 	 	 	 	0	1	1	1	1	1	1	1	2	2	0	0	0	0	1	0	3	1	1	1	1	1	1	1	1	1	2	1
2	39	61194Q	74	1	0	1	 	1	 	1	 	1	 	3	 	3	 	2	 	0	0	0	 	0	0	0	0	0	0	0	0	0	0	0	0	0	0	0	0	0	0	0	0	0	0	0	0
2	39	61195R	74	0	0	 	 	 	 	 	 	 	 	 	 	 	 	 	 	0	0	0	 	0	0	0	0	0	0	0	0	0	0	0	0	0	0	0	0	0	0	0	0	0	0	0	0
2	39	61196S	79	0	0	 	 	 	 	 	 	 	 	 	 	 	 	 	 	0	1	1	1	1	1	1	1	1	1	0	0	0	0	0	0	1	1	1	1	1	1	1	1	1	1	1	1
2	39	61197T	79	0	0	 	 	 	 	 	 	 	 	 	 	 	 	 	 	0	1	1	1	1	1	1	1	2	2	0	0	0	0	0	0	1	1	1	1	1	1	1	1	1	1	2	1
2	39	61198V	79	0	0	 	 	 	 	 	 	 	 	 	 	 	 	 	 	0	0	0	 	0	0	0	0	0	0	0	0	0	0	0	0	0	0	0	0	0	0	0	0	0	0	0	0
2	39	61199W	79	0	0	 	 	 	 	 	 	 	 	 	 	 	 	 	 	0	0	0	 	0	0	0	0	0	0	0	0	0	0	0	0	0	0	0	0	0	0	0	0	0	0	0	0
2	39	61200X	79	0	0	 	 	 	 	 	 	 	 	 	 	 	 	 	 	0	1	1	1	1	1	1	1	2	2	0	0	0	0	0	0	1	1	1	1	1	1	1	1	1	1	1	1
2	39	61201Y	79	0	0	 	 	 	 	 	 	 	 	 	 	 	 	 	 	0	1	1	1	1	1	1	1	1	1	0	0	0	0	0	0	1	1	1	1	1	2	1	2	1	1	2	1
2	39	62202L	7	0	0	 	 	 	 	 	 	 	 	 	 	 	 	 	 	0	1	1	1	1	1	1	1	1	1	0	0	0	0	0	0	1	1	1	1	2	1	1	2	1	1	1	1
2	39	62203M	7	0	0	 	 	 	 	 	 	 	 	 	 	 	 	 	 	0	1	1	1	1	1	1	1	2	2	0	0	0	0	0	0	1	1	1	1	1	1	1	1	1	1	1	1
2	39	62204N	10	0	0	 	 	 	 	 	 	 	 	 	 	 	 	 	 	0	1	1	1	3	1	2	0	2	1	0	0	0	0	0	0	3	1	1	1	1	1	1	1	1	1	1	1
2	39	62205P	15	0	0	 	 	 	 	 	 	 	 	 	 	 	 	 	 	1	0	0	 	0	0	0	0	0	0	0	0	0	0	0	0	0	0	0	0	0	0	0	0	0	0	0	0
2	39	62206Q	15	0	0	 	 	 	 	 	 	 	 	 	 	 	 	 	 	0	1	1	1	1	1	1	1	2	2	0	0	0	0	0	0	1	2	1	1	1	1	1	1	1	1	2	2
2	39	62207R	23	0	0	 	 	 	 	 	 	 	 	 	 	 	 	 	 	1	0	0	 	0	0	0	0	0	0	0	0	0	0	0	0	0	0	0	0	0	0	0	0	0	0	0	0
2	39	62208S	23	0	0	 	 	 	 	 	 	 	 	 	 	 	 	 	 	0	1	1	1	1	1	1	1	1	1	0	0	0	0	0	0	1	1	1	2	1	2	1	2	1	1	1	1
2	39	62209T	23	0	0	 	 	 	 	 	 	 	 	 	 	 	 	 	 	0	1	0	1	 	1	 	 	1	 	0	 	0	 	0	 	3	 	1	 	1	 	1	 	1	 	 	 
2	39	62210V	26	 	 	 	 	 	 	 	 	 	 	 	 	 	 	 	 	0	1	1	1	1	1	1	1	1	2	0	0	0	0	0	0	1	1	1	1	1	1	1	2	2	1	1	1
2	39	62211W	26	 	 	 	 	 	 	 	 	 	 	 	 	 	 	 	 	0	1	1	1	1	1	1	1	1	1	0	0	0	0	0	0	1	1	1	1	1	1	1	2	1	2	2	1
2	39	62212X	26	 	 	 	 	 	 	 	 	 	 	 	 	 	 	 	 	0	1	1	1	1	1	1	1	2	2	0	0	0	0	0	0	1	1	1	1	1	1	1	1	1	1	2	1
2	39	62213Y	26	 	 	 	 	 	 	 	 	 	 	 	 	 	 	 	 	0	 	0	0	0	0	0	0	0	0	0	0	0	0	0	0	0	0	0	0	0	0	0	0	0	0	0	0
2	39	62214Z	26	 	 	 	 	 	 	 	 	 	 	 	 	 	 	 	 	0	1	1	1	1	1	1	1	1	1	0	0	0	0	0	0	1	1	1	1	1	1	1	1	1	2	1	1
2	39	62215A	31	0	0	 	 	 	 	 	 	 	 	 	 	 	 	 	 	1	1	0	1	 	1	 	 	1	 	0	 	0	 	0	 	3	 	1	 	1	 	1	 	1	 	1	1
2	39	62216B	31	0	0	 	 	 	 	 	 	 	 	 	 	 	 	 	 	0	1	1	1	1	1	1	1	1	1	0	0	0	0	0	0	1	1	1	1	1	1	1	1	1	1	2	2
2	39	62217C	31	0	0	 	 	 	 	 	 	 	 	 	 	 	 	 	 	0	0	1	 	1	 	1	 	 	1	 	0	 	0	 	0	 	1	1	1	 	2	 	2	 	1	9	9
2	39	62218D	31	0	0	 	 	 	 	 	 	 	 	 	 	 	 	 	 	9	1	1	2	1	1	1	1	2	2	0	0	0	0	0	0	1	1	1	2	1	2	2	2	1	1	2	2
2	39	62219E	31	0	0	 	 	 	 	 	 	 	 	 	 	 	 	 	 	9	0	0	 	 	 	 	 	 	 	 	 	 	 	 	 	 	 	1	1	 	 	 	 	 	 	 	 
2	39	62220F	39	 	 	 	 	 	 	 	 	 	 	 	 	 	 	 	 	0	1	1	1	1	1	1	1	1	1	0	0	0	0	0	0	1	1	1	1	1	1	1	1	1	1	1	1
2	39	62221G	42	0	0	 	 	 	 	 	 	 	 	 	 	 	 	 	 	0	0	0	 	0	0	0	0	0	0	0	0	0	0	0	0	0	0	0	0	0	0	0	0	0	0	0	0
2	39	62222H	42	0	0	 	 	 	 	 	 	 	 	 	 	 	 	 	 	1	0	0	 	0	0	0	0	0	0	0	0	0	0	0	0	0	0	0	0	0	0	0	0	0	0	0	0
2	39	62223J	42	0	0	 	 	 	 	 	 	 	 	 	 	 	 	 	 	0	0	0	 	0	0	0	0	0	0	0	0	0	0	0	0	0	0	0	0	0	0	0	0	0	0	0	0
2	39	62224K	47	0	0	 	 	 	 	 	 	 	 	 	 	 	 	 	 	0	0	0	 	0	0	0	0	0	0	0	0	0	0	0	0	0	0	0	0	0	0	0	0	0	0	0	0
2	39	62225L	47	0	0	 	 	 	 	 	 	 	 	 	 	 	 	 	 	0	0	0	 	0	0	0	0	0	0	0	0	0	0	0	0	0	0	0	0	0	0	0	0	0	0	0	0
2	39	62226M	47	0	0	 	 	 	 	 	 	 	 	 	 	 	 	 	 	0	1	1	1	1	1	1	1	1	1	0	0	0	0	0	0	3	1	1	2	1	1	1	2	1	1	1	1
2	39	62227N	55	0	0	 	 	 	 	 	 	 	 	 	 	 	 	 	 	0	1	1	1	1	2	2	1	1	1	0	0	0	0	0	0	1	1	1	1	1	1	1	2	1	2	2	2
2	39	62228P	58	0	0	 	 	 	 	 	 	 	 	 	 	 	 	 	 	0	0	0	 	 	 	 	 	 	 	 	 	 	 	 	 	 	 	1	1	 	0	0	0	0	0	0	0
2	39	62229Q	58	0	0	 	 	 	 	 	 	 	 	 	 	 	 	 	 	0	1	1	1	1	1	1	1	2	2	0	0	0	0	0	0	1	1	1	1	1	1	1	1	1	1	2	2
2	39	62230R	74	0	0	 	 	 	 	 	 	 	 	 	 	 	 	 	 	0	1	1	1	1	1	1	1	2	2	0	0	0	0	0	0	1	1	1	1	1	1	1	1	1	1	1	1
2	39	62231S	74	0	0	 	 	 	 	 	 	 	 	 	 	 	 	 	 	0	0	0	 	0	0	0	0	0	0	0	0	0	0	0	0	0	0	0	0	0	0	0	0	0	0	0	0
2	39	62232T	79	0	0	 	 	 	 	 	 	 	 	 	 	 	 	 	 	0	0	0	 	0	0	0	0	0	0	0	0	0	0	0	0	0	0	0	0	0	0	0	0	0	0	0	0
2	39	62233V	2	0	0	 	 	 	 	 	 	 	 	 	 	 	 	 	 	0	1	1	1	1	2	2	1	2	2	0	0	0	0	0	0	1	1	1	1	1	1	1	1	1	1	2	2
2	39	62235X	18	 	 	 	 	 	 	 	 	 	 	 	 	 	 	 	 	0	1	1	1	1	1	1	1	1	1	0	0	0	0	0	0	1	1	1	2	1	2	1	2	1	1	2	1
2	39	62236Y	18	 	 	 	 	 	 	 	 	 	 	 	 	 	 	 	 	0	 	0	0	0	0	0	0	0	0	0	0	0	0	0	0	0	0	0	0	0	0	0	0	0	0	0	0
2	39	62237Z	50	 	 	 	 	 	 	 	 	 	 	 	 	 	 	 	 	0	1	1	1	1	1	1	1	1	1	0	0	0	0	0	0	1	1	1	1	1	2	1	1	1	1	1	1
2	39	62238A	50	 	 	 	 	 	 	 	 	 	 	 	 	 	 	 	 	0	1	1	1	1	1	1	1	2	2	0	0	0	0	0	0	1	1	1	2	1	1	1	2	1	1	1	2
2	39	62240C	58	0	0	 	 	 	 	 	 	 	 	 	 	 	 	 	 	1	0	1	 	1	 	1	 	 	1	 	0	 	0	 	0	 	1	2	2	 	2	 	2	 	2	9	9
2	39	62241D	58	0	0	 	 	 	 	 	 	 	 	 	 	 	 	 	 	0	1	1	1	1	1	1	1	2	2	0	0	0	0	0	0	1	1	1	1	1	1	1	2	1	1	2	2
2	39	62242E	74	0	0	 	 	 	 	 	 	 	 	 	 	 	 	 	 	0	0	0	 	0	0	0	0	0	0	0	0	0	0	0	0	0	0	0	0	0	0	0	0	0	0	0	0
2	39	62243F	39	 	 	 	 	 	 	 	 	 	 	 	 	 	 	 	 	0	1	1	1	1	1	1	1	2	2	0	0	0	0	0	0	1	1	1	2	1	2	1	1	1	1	2	2
2	39	62244G	39	 	 	 	 	 	 	 	 	 	 	 	 	 	 	 	 	0	 	0	0	0	0	0	0	0	0	0	0	0	0	0	0	0	0	0	0	0	0	0	0	0	0	0	0
2	39	62245H	50	 	 	 	 	 	 	 	 	 	 	 	 	 	 	 	 	0	0	0	 	0	0	0	0	0	0	0	0	0	0	0	0	0	0	0	0	0	0	0	0	0	0	0	0
2	39	62246J	50	 	 	 	 	 	 	 	 	 	 	 	 	 	 	 	 	0	1	1	1	1	1	1	1	2	2	0	0	0	0	0	0	1	1	1	1	1	1	1	2	1	1	2	1
2	39	62247K	50	 	 	 	 	 	 	 	 	 	 	 	 	 	 	 	 	0	1	1	1	1	1	1	1	1	2	0	0	0	0	0	0	1	2	1	2	1	2	1	2	1	1	1	1
2	39	62248L	79	0	0	 	 	 	 	 	 	 	 	 	 	 	 	 	 	0	1	1	1	1	1	1	1	1	2	0	0	0	0	0	0	3	1	1	1	1	2	1	1	1	1	1	1
2	39	62249M	79	1	1	1	1	1	1	3	1	1	1	1	1	2	3	1	1	0	0	0	 	0	0	0	0	0	0	0	0	0	0	0	0	0	0	0	0	0	0	0	0	0	0	0	0
2	39	62250N	18	0	0	 	 	 	 	 	 	 	 	 	 	 	 	 	 	0	1	0	1	 	1	 	 	1	 	0	 	0	 	0	 	1	 	1	 	1	 	1	 	1	 	1	1
2	39	62252Q	18	 	 	 	 	 	 	 	 	 	 	 	 	 	 	 	 	0	1	1	1	1	1	1	1	1	1	0	0	0	0	0	0	1	1	1	1	1	1	1	1	1	1	1	1
2	39	62253R	55	0	0	 	 	 	 	 	 	 	 	 	 	 	 	 	 	0	1	1	1	1	1	1	1	1	1	0	0	0	0	0	0	1	1	1	2	2	2	1	2	2	2	2	1
 	39	71001A	6	0	0	 	 	 	 	 	 	 	 	 	 	 	 	 	 	0	1	1	1	1	1	1	1	1	1	0	0	0	0	0	0	1	1	1	2	2	2	2	2	1	1	1	1
 	39	71002B	6	0	0	 	 	 	 	 	 	 	 	 	 	 	 	 	 	0	1	1	1	1	1	1	1	2	2	0	0	0	0	0	0	3	1	1	2	1	2	1	2	1	1	2	9
 	39	71003C	6	0	0	 	 	 	 	 	 	 	 	 	 	 	 	 	 	1	0	0	 	0	0	0	0	0	0	0	0	0	0	0	0	0	0	0	0	0	0	0	0	0	0	0	0
 	39	71004D	6	0	0	 	 	 	 	 	 	 	 	 	 	 	 	 	 	0	1	0	1	 	1	 	 	2	 	0	 	0	 	0	 	1	 	2	 	1	 	2	 	1	 	1	1
 	39	71005E	6	0	0	 	 	 	 	 	 	 	 	 	 	 	 	 	 	0	1	1	1	1	1	1	1	1	1	0	0	0	0	0	0	3	1	2	1	1	1	1	2	1	1	1	2
 	39	71006F	6	0	0	 	 	 	 	 	 	 	 	 	 	 	 	 	 	0	1	1	2	1	1	1	1	1	1	0	0	0	0	0	0	1	1	1	2	1	1	1	2	1	1	1	1
 	39	71007G	6	0	0	 	 	 	 	 	 	 	 	 	 	 	 	 	 	0	1	1	1	1	1	1	0	2	2	0	0	0	0	0	0	1	1	1	2	1	2	1	2	1	2	1	2
 	39	71008H	6	0	0	 	 	 	 	 	 	 	 	 	 	 	 	 	 	0	1	1	1	1	1	1	1	1	1	0	0	0	0	0	0	1	1	1	1	1	1	1	1	1	1	1	1
 	39	71009J	6	0	0	 	 	 	 	 	 	 	 	 	 	 	 	 	 	0	1	1	1	1	1	1	1	1	1	0	0	0	0	0	0	1	1	1	2	1	1	1	1	1	1	1	1
 	39	71010K	6	0	0	 	 	 	 	 	 	 	 	 	 	 	 	 	 	0	1	1	2	1	1	1	1	1	1	0	0	0	0	0	0	1	1	1	2	1	2	1	2	1	1	1	2
 	39	71011L	6	0	0	 	 	 	 	 	 	 	 	 	 	 	 	 	 	0	1	1	1	1	1	1	1	2	2	0	0	0	0	0	0	1	1	1	1	1	1	1	1	1	1	2	2
 	39	71013N	6	0	0	 	 	 	 	 	 	 	 	 	 	 	 	 	 	0	1	1	1	1	1	1	1	1	1	0	0	0	0	0	0	1	1	1	1	1	1	1	1	1	1	1	3
 	39	71014P	6	0	0	 	 	 	 	 	 	 	 	 	 	 	 	 	 	0	1	0	1	 	1	 	 	2	 	0	 	0	 	0	 	3	 	1	1	1	 	1	 	1	 	9	9
 	39	71016R	11	0	0	 	 	 	 	 	 	 	 	 	 	 	 	 	 	0	1	0	1	 	1	 	0	1	 	0	 	0	 	0	 	1	 	1	 	1	 	1	 	1	 	1	1
 	39	71017S	11	0	0	 	 	 	 	 	 	 	 	 	 	 	 	 	 	0	0	0	1	1	1	1	1	1	1	0	0	0	0	0	0	1	1	1	1	1	1	1	2	1	1	2	3
 	39	71018T	11	0	1	 	1	 	1	 	3	 	1	 	3	 	3	 	2	0	1	 	1	 	1	 	1	1	 	0	 	0	 	0	 	3	 	1	 	1	 	1	 	1	 	1	2
 	39	71019V	11	0	0	 	 	 	 	 	 	 	 	 	 	 	 	 	 	0	1	1	1	1	1	1	1	1	2	0	0	0	0	0	0	1	1	1	1	1	1	1	1	1	1	1	1
 	39	71020W	11	0	0	 	 	 	 	 	 	 	 	 	 	 	 	 	 	0	1	1	1	1	1	1	1	1	1	0	0	0	0	0	0	1	1	1	1	1	1	1	1	1	1	1	1
 	39	71022Y	11	0	1	 	1	 	1	 	1	 	1	 	1	 	1	 	1	1	1	0	1	 	1	 	1	2	 	0	 	0	 	0	 	3	 	1	 	2	 	2	 	1	 	1	1
 	39	71023Z	11	0	0	 	 	 	 	 	 	 	 	 	 	 	 	 	 	0	1	1	2	1	1	1	1	1	1	0	0	0	0	1	1	1	1	1	1	1	1	1	1	1	1	1	1
 	39	71024A	14	0	0	 	 	 	 	 	 	 	 	 	 	 	 	 	 	0	1	1	1	1	1	1	1	1	1	0	0	0	0	0	0	1	1	1	1	1	1	1	1	1	1	2	1
 	39	71026C	14	0	0	 	 	 	 	 	 	 	 	 	 	 	 	 	 	0	0	0	 	0	0	0	0	0	0	0	0	0	0	0	0	0	0	0	0	0	0	0	0	0	0	0	0
 	39	71027D	14	0	0	 	 	 	 	 	 	 	 	 	 	 	 	 	 	0	1	1	1	1	1	1	1	1	1	0	0	0	0	0	0	1	1	1	1	1	1	1	1	1	1	2	1
 	39	71028E	14	0	0	 	 	 	 	 	 	 	 	 	 	 	 	 	 	0	1	1	1	1	1	1	1	1	1	0	0	0	0	0	0	1	1	1	1	1	2	1	2	1	1	2	1
 	39	71029F	14	0	0	 	 	 	 	 	 	 	 	 	 	 	 	 	 	0	1	1	1	1	1	1	1	1	1	0	0	0	0	0	0	1	1	1	1	1	1	1	1	1	1	2	2
 	39	71030G	14	0	0	 	 	 	 	 	 	 	 	 	 	 	 	 	 	0	1	1	1	1	1	1	1	2	2	0	0	0	0	0	1	1	1	1	2	1	2	1	2	1	1	2	2
 	39	71031H	14	1	1	1	1	1	1	1	4	0	1	1	2	1	1	1	2	0	0	0	 	0	0	0	0	0	0	0	0	0	0	0	0	0	0	0	0	0	0	0	0	0	0	0	0
 	39	71032J	14	1	1	1	1	1	1	3	3	0	0	3	3	3	3	2	2	0	0	0	 	0	0	0	0	0	0	0	0	0	0	0	0	0	0	0	0	0	0	0	0	0	0	0	0
 	39	71033K	14	0	1	 	1	 	1	 	1	 	0	 	1	 	1	 	1	0	1	0	1	 	1	 	1	1	 	0	 	0	 	0	 	3	1	1	 	1	 	1	 	1	 	1	1
 	39	71034L	14	0	0	 	 	 	 	 	 	 	 	 	 	 	 	 	 	0	0	0	 	 	 	 	 	 	 	 	 	 	 	 	 	 	 	 	 	 	 	 	 	 	 	 	 
 	39	71035M	19	0	1	 	1	 	1	 	1	 	0	 	3	 	3	 	2	0	0	0	 	0	0	0	0	0	0	0	0	0	0	0	0	0	0	0	0	0	0	0	0	0	0	0	0
 	39	71036N	19	0	0	 	 	 	 	 	 	 	 	 	 	 	 	 	 	0	0	0	 	0	0	0	0	0	0	0	0	0	0	0	0	0	0	0	0	0	0	0	0	0	0	0	0
 	39	71037P	19	0	1	 	1	 	1	 	1	 	1	 	1	 	1	 	1	0	1	0	1	 	1	 	1	1	 	0	 	0	 	0	 	1	 	1	 	2	 	2	 	1	 	1	1
 	39	71038Q	19	0	0	 	 	 	 	 	 	 	 	 	 	 	 	 	 	0	1	1	2	1	1	1	1	1	1	0	0	0	0	0	0	1	1	1	1	1	1	1	1	1	1	1	1
 	39	71039R	19	0	0	 	 	 	 	 	 	 	 	 	 	 	 	 	 	0	0	0	 	0	0	0	0	0	0	0	0	0	0	0	0	0	0	0	0	0	0	0	0	0	0	0	0
 	39	71041T	27	 	 	 	 	 	 	 	 	 	 	 	 	 	 	 	 	0	1	1	1	1	1	1	1	2	2	0	0	0	0	0	0	1	1	1	1	1	2	1	2	1	2	2	2
 	39	71042V	27	 	 	 	 	 	 	 	 	 	 	 	 	 	 	 	 	0	1	1	1	1	1	1	1	1	1	0	0	0	0	0	0	1	1	1	1	1	1	1	1	1	2	1	1
 	39	71043W	27	 	 	 	 	 	 	 	 	 	 	 	 	 	 	 	 	0	1	0	1	 	1	 	 	1	 	0	 	0	 	0	 	1	 	1	 	1	 	1	 	1	 	 	 
 	39	71044X	27	 	 	 	 	 	 	 	 	 	 	 	 	 	 	 	 	0	 	0	0	0	0	0	0	0	0	0	0	0	0	0	0	0	0	0	0	0	0	0	0	0	0	0	0
 	39	71045Y	27	 	 	 	 	 	 	 	 	 	 	 	 	 	 	 	 	0	1	1	1	1	1	1	1	1	2	0	0	0	0	0	0	1	1	1	1	1	1	1	1	1	1	1	1
 	39	71046Z	27	0	0	 	 	 	 	 	 	 	 	 	 	 	 	 	 	1	 	0	0	0	0	0	0	0	0	0	0	0	0	0	0	0	0	0	0	0	0	0	0	0	0	0	0
 	39	71047A	27	 	 	 	 	 	 	 	 	 	 	 	 	 	 	 	 	0	1	0	1	 	1	 	 	1	 	0	 	0	 	0	 	1	 	1	 	1	 	1	 	1	 	1	 
 	39	71048B	27	 	 	 	 	 	 	 	 	 	 	 	 	 	 	 	 	0	1	1	1	1	1	1	1	1	1	0	0	0	0	0	0	1	1	1	1	1	1	1	1	1	1	1	1
 	39	71049C	27	 	 	 	 	 	 	 	 	 	 	 	 	 	 	 	 	0	0	0	 	 	 	 	 	 	 	 	 	 	 	 	 	 	 	 	 	 	 	 	 	 	 	 	 
 	39	71050D	27	 	 	 	 	 	 	 	 	 	 	 	 	 	 	 	 	0	 	0	0	0	0	0	0	0	0	0	0	0	0	0	0	0	0	0	0	0	0	0	0	0	0	0	0
 	39	71052F	30	0	0	 	 	 	 	 	 	 	 	 	 	 	 	 	 	0	1	1	1	1	1	1	1	2	2	0	0	0	0	0	0	1	1	1	2	2	1	1	2	1	1	1	1
 	39	71053G	30	0	0	 	 	 	 	 	 	 	 	 	 	 	 	 	 	0	1	1	1	1	1	1	1	1	1	0	0	0	0	0	0	1	1	1	1	1	1	1	1	1	1	1	3
 	39	71054H	30	0	0	 	 	 	 	 	 	 	 	 	 	 	 	 	 	0	0	0	1	1	1	1	1	2	2	0	0	0	0	0	0	1	1	1	2	2	2	2	2	1	1	2	2
 	39	71056K	30	0	0	 	 	 	 	 	 	 	 	 	 	 	 	 	 	0	1	1	1	1	1	1	1	1	1	0	0	0	0	0	0	1	1	1	1	1	1	1	1	1	1	1	1
 	39	71057L	30	0	0	 	 	 	 	 	 	 	 	 	 	 	 	 	 	0	1	1	1	1	1	1	1	1	1	0	0	0	0	0	0	1	1	1	2	1	1	1	1	1	1	1	1
 	39	71058M	30	0	0	 	 	 	 	 	 	 	 	 	 	 	 	 	 	0	1	1	1	1	1	1	1	1	1	0	0	0	0	0	0	1	1	1	1	1	1	1	1	1	1	1	1
 	39	71059N	30	0	0	 	 	 	 	 	 	 	 	 	 	 	 	 	 	0	1	1	1	1	1	1	1	2	2	0	0	0	1	0	1	3	1	1	2	1	2	1	1	1	1	2	2
 	39	71060P	30	0	0	 	 	 	 	 	 	 	 	 	 	 	 	 	 	0	1	1	2	1	1	1	1	1	1	0	0	0	0	0	0	1	1	1	1	1	1	1	1	1	1	1	1
 	39	71061Q	30	0	0	 	 	 	 	 	 	 	 	 	 	 	 	 	 	0	1	 	1	 	1	 	 	1	 	0	 	0	 	0	 	1	 	1	 	1	 	1	 	1	 	1	1
 	39	71062R	30	0	1	 	1	 	1	 	1	 	1	 	1	 	1	 	1	1	0	0	 	 	 	 	 	 	0	0	0	0	0	0	0	0	0	0	0	0	0	0	0	0	0	0	0
 	39	71063S	30	0	0	 	 	 	 	 	 	 	 	 	 	 	 	 	 	0	1	1	1	1	1	1	1	1	1	0	0	0	0	0	0	1	1	1	1	1	1	1	1	1	1	1	1
 	39	71064T	35	0	1	 	1	 	1	 	2	 	1	 	1	 	1	 	1	1	1	0	1	 	1	 	 	2	 	0	 	0	 	0	 	1	 	1	 	1	 	1	 	1	 	1	2
 	39	71065V	35	0	0	 	 	 	 	 	 	 	 	 	 	 	 	 	 	0	1	1	1	1	1	1	1	2	2	0	0	0	0	0	0	1	1	1	1	1	2	1	2	1	1	2	2
 	39	71066W	35	0	0	 	 	 	 	 	 	 	 	 	 	 	 	 	 	0	1	1	1	1	1	1	1	2	2	0	0	0	0	0	0	1	1	1	1	2	2	1	2	1	1	2	2
 	39	71067X	35	1	0	1	 	1	 	3	 	1	 	1	 	1	 	1	 	0	0	0	 	0	0	0	0	0	0	0	0	0	0	0	0	0	0	0	0	0	0	0	0	0	0	0	0
 	39	71068Y	35	0	0	 	 	 	 	 	 	 	 	 	 	 	 	 	 	0	1	1	1	1	2	2	1	2	2	0	0	0	0	0	0	1	1	1	1	2	2	1	1	1	2	2	2
 	39	71069Z	35	0	0	 	 	 	 	 	 	 	 	 	 	 	 	 	 	0	0	0	 	0	0	0	0	0	0	0	0	0	0	0	0	0	0	0	0	0	0	0	0	0	0	0	0
 	39	71071B	35	0	1	 	1	 	1	 	1	 	0	 	1	 	1	 	1	0	1	0	1	 	2	 	1	2	 	0	 	0	 	0	 	1	 	1	 	1	 	1	 	1	 	2	2
 	39	71072C	38	1	0	0	 	1	 	3	 	1	 	1	 	1	 	1	 	0	 	0	0	0	0	0	0	0	0	0	0	0	0	0	0	0	0	0	0	0	0	0	0	0	0	0	0
 	39	71073D	38	 	 	 	 	 	 	 	 	 	 	 	 	 	 	 	 	0	1	1	2	1	1	1	1	1	1	0	0	0	0	0	0	1	1	1	2	1	2	1	2	1	1	1	1
 	39	71074E	38	0	0	 	 	 	 	 	 	 	 	 	 	 	 	 	 	1	 	0	0	0	0	0	0	0	0	0	0	0	0	0	0	0	0	0	0	0	0	0	0	0	0	0	0
 	39	71075F	38	 	 	 	 	 	 	 	 	 	 	 	 	 	 	 	 	0	1	0	1	 	1	 	0	1	 	0	 	0	 	0	 	1	 	1	 	1	 	1	 	1	 	9	9
 	39	71077H	38	 	 	 	 	 	 	 	 	 	 	 	 	 	 	 	 	0	1	1	1	1	1	1	1	1	1	1	1	1	1	1	1	1	1	1	1	1	1	1	1	1	1	1	1
 	39	71078J	38	 	 	 	 	 	 	 	 	 	 	 	 	 	 	 	 	0	1	1	1	1	1	1	1	2	2	0	0	0	0	0	0	1	1	1	1	2	1	2	2	1	1	1	1
 	39	71079K	38	 	 	 	 	 	 	 	 	 	 	 	 	 	 	 	 	0	1	1	2	1	1	1	1	1	1	0	0	0	0	0	0	1	1	1	1	1	1	1	2	1	1	1	1
 	39	71080L	38	 	 	 	 	 	 	 	 	 	 	 	 	 	 	 	 	0	1	1	1	1	1	1	1	2	2	0	0	0	0	0	0	1	1	1	1	1	1	1	2	1	1	1	1
 	39	71081M	38	0	0	 	 	 	 	 	 	 	 	 	 	 	 	 	 	0	 	0	0	0	0	0	0	0	0	0	0	0	0	0	0	0	0	0	0	0	0	0	0	0	0	0	0
 	39	71083P	43	 	 	 	 	 	 	 	 	 	 	 	 	 	 	 	 	0	1	1	1	1	1	2	1	2	1	0	0	0	0	0	0	1	1	1	1	1	2	1	2	1	2	1	1
 	39	71084Q	43	 	 	 	 	 	 	 	 	 	 	 	 	 	 	 	 	1	 	0	0	0	0	0	0	0	0	0	0	0	0	0	0	0	0	0	0	0	0	0	0	0	0	0	0
 	39	71085R	43	 	 	 	 	 	 	 	 	 	 	 	 	 	 	 	 	0	1	1	1	1	1	1	1	1	1	0	0	0	0	0	0	1	1	2	1	1	1	2	1	1	1	1	1
 	39	71086S	43	1	 	1	 	1	 	2	 	1	 	1	 	1	 	1	 	0	 	0	0	0	0	0	0	0	0	0	0	0	0	0	0	0	0	0	0	0	0	0	0	0	0	0	0
 	39	71087T	43	 	 	 	 	 	 	 	 	 	 	 	 	 	 	 	 	0	1	1	2	1	2	2	1	1	1	0	0	0	0	0	0	1	1	1	1	1	1	1	1	1	2	1	1
 	39	71088V	43	 	 	 	 	 	 	 	 	 	 	 	 	 	 	 	 	0	1	1	1	1	1	1	1	2	1	0	0	0	0	0	0	1	1	1	1	1	1	1	1	1	1	1	1
 	39	71089W	43	1	0	1	 	1	 	3	 	1	 	1	 	1	 	1	 	0	 	0	0	0	0	0	0	0	0	0	0	0	0	0	0	0	0	0	0	0	0	0	0	0	0	0	0
 	39	71090X	43	1	0	1	 	1	 	1	 	1	 	1	 	1	 	1	 	0	 	0	0	0	0	0	0	0	0	0	0	0	0	0	0	0	0	0	0	0	0	0	0	0	0	0	0
 	39	71091Y	43	1	0	1	 	1	 	2	 	1	 	1	 	1	 	1	 	0	 	0	0	0	0	0	0	0	0	0	0	0	0	0	0	0	0	0	0	0	0	0	0	0	0	0	0
 	39	71092Z	43	 	 	 	 	 	 	 	 	 	 	 	 	 	 	 	 	1	1	 	1	 	1	 	 	1	 	0	 	0	 	0	 	1	 	1	1	1	 	1	 	1	 	0	0
 	39	71093A	43	 	 	 	 	 	 	 	 	 	 	 	 	 	 	 	 	0	1	 	1	 	1	 	 	1	 	0	 	0	 	0	 	3	 	1	 	1	 	1	 	1	 	 	0
 	39	71094B	43	 	 	 	 	 	 	 	 	 	 	 	 	 	 	 	 	1	1	 	1	 	1	 	 	1	 	0	 	0	 	0	 	1	 	1	 	2	 	2	 	1	 	0	0
 	39	71095C	46	0	0	 	 	 	 	 	 	 	 	 	 	 	 	 	 	0	1	1	1	1	1	1	1	2	2	0	0	0	0	0	0	3	1	1	1	2	1	1	1	1	1	2	2
 	39	71097E	46	0	0	 	 	 	 	 	 	 	 	 	 	 	 	 	 	0	0	0	 	0	0	0	0	0	0	0	0	0	0	0	0	0	0	0	0	0	0	0	0	0	0	0	0
 	39	71099G	46	0	0	 	 	 	 	 	 	 	 	 	 	 	 	 	 	 	1	1	1	1	1	1	1	1	1	0	0	0	0	0	0	1	1	1	1	1	1	1	1	1	1	1	1
 	39	71100H	46	0	0	 	 	 	 	 	 	 	 	 	 	 	 	 	 	0	1	1	1	1	1	1	1	1	1	0	0	0	0	0	0	1	1	1	1	1	1	1	1	1	1	1	3
 	39	71101J	46	1	0	0	 	1	 	3	 	1	 	3	 	1	 	2	 	1	0	0	 	0	0	0	0	0	0	0	0	0	0	0	0	0	0	0	0	0	0	0	0	0	0	0	0
 	39	71102K	46	0	1	 	1	 	1	 	1	 	0	 	2	 	1	 	2	1	0	0	 	0	0	0	0	0	0	0	0	0	0	0	0	0	0	0	0	0	0	0	0	0	0	0	0
 	39	71103L	46	1	0	0	 	1	 	3	 	1	 	1	 	1	 	1	 	0	0	0	 	0	0	0	0	0	0	0	0	0	0	0	0	0	0	0	0	0	0	0	0	0	0	0	0
 	39	71104M	46	1	1	1	1	1	1	3	2	1	1	3	3	2	3	2	2	1	0	0	 	0	0	0	0	0	0	0	0	0	0	0	0	0	0	0	0	0	0	0	0	0	0	0	0
 	39	71105N	46	1	0	0	 	1	 	2	 	0	 	2	 	3	 	2	 	0	0	0	 	0	0	0	0	0	0	0	0	0	0	0	0	0	0	0	0	0	0	0	0	0	0	0	0
 	39	71107Q	46	0	0	 	 	 	 	 	 	 	 	 	 	 	 	 	 	0	0	0	 	0	0	0	0	0	0	0	0	0	0	0	0	0	0	0	0	0	0	0	0	0	0	0	0
 	39	71108R	51	0	0	 	 	 	 	 	 	 	 	 	 	 	 	 	 	0	1	1	1	1	1	1	1	2	2	0	0	0	0	0	0	1	1	1	2	1	1	1	2	1	1	2	2
 	39	71109S	51	0	0	 	 	 	 	 	 	 	 	 	 	 	 	 	 	0	1	1	1	1	1	1	1	2	2	0	0	0	0	0	0	1	1	1	2	1	1	1	1	1	1	1	2
 	39	71112W	51	0	1	 	1	 	1	 	1	 	1	 	2	 	2	 	2	1	0	0	 	0	0	0	0	0	0	0	0	0	0	0	0	0	0	0	0	0	0	0	0	0	0	0	0
 	39	71113X	51	0	0	 	 	 	 	 	 	 	 	 	 	 	 	 	 	0	1	1	1	1	1	1	1	1	1	0	0	0	0	0	0	3	1	1	1	1	2	1	2	1	1	1	1
 	39	71114Y	51	0	0	 	 	 	 	 	 	 	 	 	 	 	 	 	 	0	1	1	1	1	1	1	0	1	2	0	0	0	0	0	0	1	1	1	2	1	1	1	1	1	1	1	2
 	39	71116A	51	0	0	 	 	 	 	 	 	 	 	 	 	 	 	 	 	1	0	0	 	0	0	0	0	0	0	0	0	0	0	0	0	0	0	0	0	0	0	0	0	0	0	0	0
 	39	71118C	54	0	0	 	 	 	 	 	 	 	 	 	 	 	 	 	 	0	1	1	1	1	1	1	1	2	2	0	0	0	0	0	0	3	1	1	1	1	1	1	1	1	1	2	1
 	39	71119D	54	0	0	 	 	 	 	 	 	 	 	 	 	 	 	 	 	0	1	1	1	1	1	1	1	2	2	0	0	0	0	0	0	3	1	1	1	1	1	1	1	1	2	2	2
 	39	71120E	54	0	0	 	 	 	 	 	 	 	 	 	 	 	 	 	 	0	1	1	1	1	1	1	1	0	0	0	0	0	0	0	0	1	1	1	1	1	1	1	2	2	2	1	1
 	39	71121F	54	1	1	0	1	1	1	1	1	0	1	1	1	1	1	1	1	0	0	0	 	0	0	0	0	0	0	0	0	0	0	0	0	0	0	0	0	0	0	0	0	0	0	0	0
 	39	71122G	54	0	0	 	 	 	 	 	 	 	 	 	 	 	 	 	 	0	0	0	 	0	0	0	0	0	0	0	0	0	0	0	0	0	0	0	0	0	0	0	0	0	0	0	0
 	39	71123H	54	0	1	 	0	 	0	 	4	 	1	 	3	 	3	 	1	1	0	0	 	 	 	 	 	 	 	 	0	0	0	0	0	0	0	0	0	0	0	0	0	0	0	0	0
 	39	71124J	54	0	0	 	 	 	 	 	 	 	 	 	 	 	 	 	 	0	0	1	 	1	 	1	 	 	1	 	0	 	0	 	0	 	1	 	1	 	1	 	2	 	1	1	1
 	39	71125K	54	0	0	 	 	 	 	 	 	 	 	 	 	 	 	 	 	0	0	0	 	0	0	0	0	0	0	0	0	0	0	0	0	0	0	0	0	0	0	0	0	0	0	0	0
 	39	71126L	54	0	0	 	 	 	 	 	 	 	 	 	 	 	 	 	 	0	0	0	 	0	0	0	0	0	0	0	0	0	0	0	0	0	0	0	0	0	0	0	0	0	0	0	0
 	39	71127M	54	1	1	0	1	1	1	2	1	1	0	2	2	1	1	2	2	0	0	0	 	0	0	0	0	0	0	0	0	0	0	0	0	0	0	0	0	0	0	0	0	0	0	0	0
 	39	71128N	54	0	0	 	 	 	 	 	 	 	 	 	 	 	 	 	 	0	1	1	1	1	1	1	0	2	2	0	0	0	0	0	0	3	1	1	1	1	1	1	1	2	1	1	1
 	39	71129P	54	0	0	 	 	 	 	 	 	 	 	 	 	 	 	 	 	1	1	1	1	1	2	2	1	1	1	0	0	0	0	0	0	1	1	1	2	1	1	1	1	1	1	1	2
 	39	71130Q	59	0	0	 	 	 	 	 	 	 	 	 	 	 	 	 	 	0	1	1	1	1	1	1	1	2	2	0	0	0	0	0	0	1	1	1	1	1	1	1	1	2	1	1	1
 	39	71131R	62	1	0	1	 	1	 	4	 	1	 	2	 	1	 	2	 	0	0	1	 	1	 	1	0	 	2	 	0	 	0	 	0	 	1	 	1	 	1	 	1	 	1	1	1
 	39	71132S	62	0	0	 	 	 	 	 	 	 	 	 	 	 	 	 	 	0	 	0	0	0	0	0	0	0	0	0	0	0	0	0	0	0	0	0	0	0	0	0	0	0	0	0	0
 	39	71133T	62	1	1	0	1	1	1	4	4	1	1	1	1	1	1	1	1	1	 	0	0	0	0	0	0	0	0	0	0	0	0	0	0	0	0	0	0	0	0	0	0	0	0	0	0
 	39	71134V	62	1	0	1	 	1	 	4	 	1	 	1	 	1	 	1	 	0	 	0	0	0	0	0	0	0	0	0	0	0	0	0	0	0	0	0	0	0	0	0	0	0	0	0	0
 	39	71135W	62	0	1	 	0	 	1	 	4	 	1	 	1	 	1	 	1	0	1	0	1	 	1	 	0	2	 	1	 	0	 	0	 	1	 	1	 	1	 	2	 	1	 	2	1
 	39	71136X	62	0	0	 	 	 	 	 	 	 	 	 	 	 	 	 	 	0	 	0	0	0	0	0	0	0	0	0	0	0	0	0	0	0	0	0	0	0	0	0	0	0	0	0	0
 	39	71137Y	62	1	0	0	 	1	 	4	 	1	 	1	 	1	 	1	 	0	 	0	0	0	0	0	0	0	0	0	0	0	0	0	0	0	0	0	0	0	0	0	0	0	0	0	0
 	39	71138Z	62	0	0	 	 	 	 	 	 	 	 	 	 	 	 	 	 	0	1	1	1	1	1	1	1	2	2	0	0	0	0	0	0	1	1	1	1	1	1	1	1	1	1	1	1
 	39	71139A	62	0	0	 	 	 	 	 	 	 	 	 	 	 	 	 	 	0	1	1	1	1	1	1	1	2	2	0	0	0	0	0	0	3	1	1	2	1	1	1	2	1	1	2	1
 	39	71140B	62	0	0	 	 	 	 	 	 	 	 	 	 	 	 	 	 	0	1	1	1	1	1	1	1	1	1	0	0	0	0	0	0	1	1	2	2	1	1	1	1	1	1	1	1
 	39	71141C	67	1	0	1	 	1	 	2	 	1	 	1	 	1	 	1	 	0	 	0	0	0	0	0	0	0	0	0	0	0	0	0	0	0	0	0	0	0	0	0	0	0	0	0	0
 	39	71142D	67	1	1	1	0	1	1	2	1	1	0	1	1	1	1	1	1	0	 	0	0	0	0	0	0	0	0	0	0	0	0	0	0	0	0	0	0	0	0	0	0	0	0	0	0
 	39	71143E	67	 	 	 	 	 	 	 	 	 	 	 	 	 	 	 	 	0	 	0	0	0	0	0	0	0	0	0	0	0	0	0	0	0	0	0	0	0	0	0	0	0	0	0	0
 	39	71144F	67	1	1	1	1	1	1	3	1	1	1	1	1	1	1	1	1	0	0	0	 	0	0	0	0	0	0	0	0	0	0	0	0	0	0	0	0	0	0	0	0	0	0	0	0
 	39	71145G	67	0	0	 	 	 	 	 	 	 	 	 	 	 	 	 	 	1	 	0	0	0	0	0	0	0	0	0	0	0	0	0	0	0	0	0	0	0	0	0	0	0	0	0	0
 	39	71146H	70	0	0	 	 	 	 	 	 	 	 	 	 	 	 	 	 	0	0	0	 	0	0	0	0	0	0	0	0	0	0	0	0	0	0	0	0	0	0	0	0	0	0	0	0
 	39	71147J	70	0	0	 	 	 	 	 	 	 	 	 	 	 	 	 	 	1	0	0	 	0	0	0	0	0	0	0	0	0	0	0	0	0	0	0	0	0	0	0	0	0	0	0	0
 	39	71148K	70	0	0	 	 	 	 	 	 	 	 	 	 	 	 	 	 	0	1	0	1	 	1	 	1	1	 	0	 	0	 	0	 	1	 	1	 	1	 	1	 	1	 	 	0
 	39	71149L	70	0	0	 	 	 	 	 	 	 	 	 	 	 	 	 	 	0	1	1	1	1	1	1	1	1	1	0	0	0	0	0	0	1	1	1	1	1	1	2	1	1	1	1	1
 	39	71151N	70	0	0	 	 	 	 	 	 	 	 	 	 	 	 	 	 	0	0	0	 	0	0	0	0	0	0	0	0	0	0	0	0	0	0	0	0	0	0	0	0	0	0	0	0
 	39	71152P	70	1	1	 	 	1	1	2	1	0	0	3	3	3	3	2	2	1	0	0	 	0	0	0	0	0	0	0	0	0	0	0	0	0	0	0	0	0	0	0	0	0	0	0	0
 	39	71153Q	70	0	0	 	 	 	 	 	 	 	 	 	 	 	 	 	 	1	1	1	1	1	1	1	0	1	1	0	0	0	0	0	0	1	1	1	2	1	1	1	1	1	1	1	2
 	39	71154R	70	1	0	1	 	1	 	3	 	1	 	3	 	3	 	2	 	1	0	0	 	0	0	0	0	0	0	0	0	0	0	0	0	0	0	0	0	0	0	0	0	0	0	0	0
 	39	71155S	70	0	0	 	 	 	 	 	 	 	 	 	 	 	 	 	 	0	1	0	1	 	1	 	 	0	 	0	 	0	 	0	 	1	 	1	 	2	 	2	 	2	 	2	1
 	39	71156T	70	0	0	 	 	 	 	 	 	 	 	 	 	 	 	 	 	0	1	1	1	1	1	1	1	2	2	0	0	0	0	0	0	1	1	1	2	1	2	1	2	1	1	1	2
 	39	71157V	75	 	 	 	 	 	 	 	 	 	 	 	 	 	 	 	 	0	1	1	1	1	2	2	1	1	1	0	1	0	0	0	0	3	1	1	1	1	1	1	1	1	1	1	1
 	39	71158W	75	 	 	 	 	 	 	 	 	 	 	 	 	 	 	 	 	0	1	1	1	1	1	1	1	1	1	0	0	0	0	0	0	1	1	1	1	2	2	2	1	2	1	1	1
 	39	71159X	75	 	 	 	 	 	 	 	 	 	 	 	 	 	 	 	 	1	1	1	1	1	1	1	1	2	2	0	0	0	0	0	0	1	1	1	1	1	1	1	1	1	1	1	1
 	39	71160Y	75	0	0	 	 	 	 	 	 	 	 	 	 	 	 	 	 	1	0	0	 	0	0	0	0	0	0	0	0	0	0	0	0	0	0	0	0	0	0	0	0	0	0	0	0
 	39	71161Z	75	 	 	 	 	 	 	 	 	 	 	 	 	 	 	 	 	0	 	0	0	0	0	0	0	0	0	0	0	0	0	0	0	0	0	0	0	0	0	0	0	0	0	0	0
 	39	71162A	75	 	 	 	 	 	 	 	 	 	 	 	 	 	 	 	 	0	1	1	1	1	1	1	1	1	1	0	0	0	0	0	0	1	1	1	1	1	1	1	1	1	1	2	1
 	39	71163B	75	1	1	0	0	1	1	1	1	1	1	3	3	3	3	3	3	1	0	0	 	0	0	0	0	0	0	0	0	0	0	0	0	0	0	0	0	0	0	0	0	0	0	0	0
 	39	71164C	75	0	1	 	1	 	1	 	1	 	1	 	1	 	1	 	1	0	1	 	1	 	1	 	1	2	 	0	 	0	 	0	 	1	 	1	 	1	 	1	 	1	 	1	1
 	39	71165D	75	 	 	 	 	 	 	 	 	 	 	 	 	 	 	 	 	0	1	1	1	1	1	1	1	1	1	0	0	0	0	0	0	3	1	1	2	1	2	1	2	1	1	1	2
 	39	71166E	75	 	 	 	 	 	 	 	 	 	 	 	 	 	 	 	 	0	1	1	1	1	1	1	1	1	1	0	0	0	0	0	0	2	1	1	1	1	1	1	1	1	2	1	1
 	39	71167F	78	1	0	1	 	0	 	3	 	0	 	1	 	1	 	1	 	0	0	0	 	0	0	0	0	0	0	0	0	0	0	0	0	0	0	0	0	0	0	0	0	0	0	0	0
 	39	71168G	78	0	0	 	 	 	 	 	 	 	 	 	 	 	 	 	 	0	1	1	1	1	1	1	1	1	1	0	0	0	0	0	0	1	1	1	1	1	1	1	1	1	1	1	1
 	39	71169H	78	0	0	 	 	 	 	 	 	 	 	 	 	 	 	 	 	0	0	0	 	0	0	0	0	0	0	0	0	0	0	0	0	0	0	0	0	0	0	0	0	0	0	0	0
 	39	71170J	78	0	0	 	 	 	 	 	 	 	 	 	 	 	 	 	 	0	0	0	 	0	0	0	0	0	0	0	0	0	0	0	0	0	0	0	0	0	0	0	0	0	0	0	0
 	39	71171K	78	0	0	 	 	 	 	 	 	 	 	 	 	 	 	 	 	0	0	0	 	0	0	0	0	0	0	0	0	0	0	0	0	0	0	0	0	0	0	0	0	0	0	0	0
 	39	71172L	3	0	0	 	 	 	 	 	 	 	 	 	 	 	 	 	 	0	1	1	1	1	1	1	1	2	2	0	0	0	0	0	0	1	1	1	1	2	1	1	1	1	1	2	1
 	39	71173M	3	0	0	 	 	 	 	 	 	 	 	 	 	 	 	 	 	0	1	1	1	1	1	1	1	1	1	0	0	0	0	0	0	1	1	1	1	1	1	1	2	1	2	1	1
 	39	71174N	3	0	0	 	 	 	 	 	 	 	 	 	 	 	 	 	 	0	1	1	1	1	1	1	1	1	1	0	0	0	0	0	0	1	1	1	1	1	1	1	2	1	2	2	1
 	39	71175P	3	 	 	 	 	 	 	 	 	 	 	 	 	 	 	 	 	0	 	0	0	0	0	0	0	0	0	0	0	0	0	0	0	0	0	0	0	0	0	0	0	0	0	0	0
 	39	71176Q	3	0	0	 	 	 	 	 	 	 	 	 	 	 	 	 	 	0	0	0	 	0	0	0	0	0	0	0	0	0	0	0	0	0	0	0	0	0	0	0	0	0	0	0	0
 	39	71178S	3	0	0	 	 	 	 	 	 	 	 	 	 	 	 	 	 	0	1	1	1	1	1	1	0	1	1	0	0	0	0	0	0	1	1	1	1	1	1	1	1	2	1	1	1
 	39	71179T	3	0	0	 	 	 	 	 	 	 	 	 	 	 	 	 	 	0	1	1	1	1	1	1	1	2	2	0	1	0	0	0	0	1	1	1	2	2	1	1	1	1	2	2	2
 	39	71235E	22	 	 	 	 	 	 	 	 	 	 	 	 	 	 	 	 	0	1	1	1	1	2	2	1	1	1	0	0	0	0	0	0	1	1	1	2	1	1	1	1	1	1	2	1
 	39	71236F	22	 	 	 	 	 	 	 	 	 	 	 	 	 	 	 	 	0	1	1	1	1	2	2	1	1	1	0	0	0	1	0	0	1	1	1	1	1	1	1	1	1	1	1	1
 	39	71237G	22	 	 	 	 	 	 	 	 	 	 	 	 	 	 	 	 	0	1	1	1	1	2	2	1	1	1	0	0	0	0	0	0	1	1	1	2	1	1	1	1	1	1	1	1
 	39	71238H	22	0	0	 	 	 	 	 	 	 	 	 	 	 	 	 	 	0	 	0	0	0	0	0	0	0	0	0	0	0	0	0	0	0	0	0	0	0	0	0	0	0	0	0	0
 	39	71239J	22	 	 	 	 	 	 	 	 	 	 	 	 	 	 	 	 	0	 	0	0	0	0	0	0	0	0	0	0	0	0	0	0	0	0	0	0	0	0	0	0	0	0	0	0
 	39	71240K	22	 	 	 	 	 	 	 	 	 	 	 	 	 	 	 	 	0	1	1	1	1	1	1	1	2	2	0	0	0	0	0	0	1	1	1	2	1	2	1	2	1	1	2	1
 	39	71241L	22	1	0	1	 	1	 	2	 	1	 	1	 	1	 	1	 	0	 	0	0	0	0	0	0	0	0	0	0	0	0	0	0	0	0	0	0	0	0	0	0	0	0	0	0
 	39	71242M	22	 	 	 	 	 	 	 	 	 	 	 	 	 	 	 	 	0	1	1	1	1	1	1	1	1	1	0	0	0	0	0	0	1	1	1	1	1	1	1	1	1	1	1	1
 	39	71243N	59	0	0	 	 	 	 	 	 	 	 	 	 	 	 	 	 	0	1	1	1	1	1	1	1	1	1	0	0	0	0	0	0	1	1	1	2	1	1	1	1	1	1	1	2
 	39	71244P	59	0	1	 	1	 	1	 	2	 	0	 	1	 	1	 	1	1	1	 	1	 	1	 	1	1	 	0	 	0	 	0	 	1	 	1	 	1	 	1	 	1	 	1	1
 	39	71245Q	19	0	1	 	1	 	1	 	1	 	0	 	1	 	1	 	1	0	1	0	1	 	1	 	1	1	 	0	 	0	 	0	 	1	 	1	 	1	 	1	 	1	 	1	1
 	39	71246R	67	 	 	 	 	 	 	 	 	 	 	 	 	 	 	 	 	0	 	0	0	0	0	0	0	0	0	0	0	0	0	0	0	0	0	0	0	0	0	0	0	0	0	0	0
 	39	71247S	67	 	 	 	 	 	 	 	 	 	 	 	 	 	 	 	 	0	 	0	0	0	0	0	0	0	0	0	0	0	0	0	0	0	0	0	0	0	0	0	0	0	0	0	0
 	39	71249V	19	0	0	 	 	 	 	 	 	 	 	 	 	 	 	 	 	0	0	1	 	1	 	1	 	 	1	 	0	 	0	 	0	 	1	 	1	 	1	 	1	 	1	1	1
 	39	71250W	22	0	0	 	 	 	 	 	 	 	 	 	 	 	 	 	 	0	1	0	1	 	1	 	1	1	 	0	 	0	 	0	 	1	 	1	 	2	 	1	 	1	 	0	0
 	39	71251X	22	0	0	 	 	 	 	 	 	 	 	 	 	 	 	 	 	0	1	1	1	1	1	1	1	1	2	0	0	0	0	0	0	3	1	1	1	1	1	1	1	1	1	1	1
 	39	71252Y	67	1	0	1	 	1	 	2	 	1	 	1	 	1	 	1	 	0	 	0	0	0	0	0	0	0	0	0	0	0	0	0	0	0	0	0	0	0	0	0	0	0	0	0	0
 	39	71253Z	67	1	1	1	1	1	1	3	1	1	0	1	1	1	1	1	1	0	0	0	 	0	0	0	0	0	0	0	0	0	0	0	0	0	0	0	0	0	0	0	0	0	0	0	0
 	39	71254A	67	0	0	 	 	 	 	 	 	 	 	 	 	 	 	 	 	0	0	0	 	0	0	0	0	0	0	0	0	0	0	0	0	0	0	0	0	0	0	0	0	0	0	0	0
 	39	71255B	67	0	0	 	 	 	 	 	 	 	 	 	 	 	 	 	 	1	0	0	 	0	0	0	0	0	0	0	0	0	0	0	0	0	0	0	0	0	0	0	0	0	0	0	0
 	39	71268Q	27	 	 	 	 	 	 	 	 	 	 	 	 	 	 	 	 	0	1	1	1	1	1	1	1	1	1	0	0	0	0	0	0	3	1	1	1	2	2	2	2	2	2	1	9
 	39	71269R	27	 	 	 	 	 	 	 	 	 	 	 	 	 	 	 	 	0	1	1	1	1	1	1	1	2	1	0	0	0	0	0	0	1	1	1	1	1	2	1	2	1	2	1	2
 	39	71270S	38	 	 	 	 	 	 	 	 	 	 	 	 	 	 	 	 	0	1	1	1	1	1	1	1	2	2	0	0	0	0	0	0	1	1	1	1	1	1	2	2	1	1	2	2
 	39	72180G	3	0	0	 	 	 	 	 	 	 	 	 	 	 	 	 	 	0	0	0	 	 	 	 	 	 	 	 	 	 	 	 	 	 	 	1	1	 	0	0	0	0	0	0	0
 	39	72181H	3	0	0	 	 	 	 	 	 	 	 	 	 	 	 	 	 	0	1	0	1	 	1	 	 	1	 	0	 	0	 	0	 	1	 	1	1	2	 	1	 	1	 	9	9
 	39	72182J	3	0	0	 	 	 	 	 	 	 	 	 	 	 	 	 	 	0	1	0	1	 	1	 	0	1	 	0	 	0	 	0	 	1	 	1	1	1	 	1	 	1	 	9	9
 	39	72183K	3	0	0	 	 	 	 	 	 	 	 	 	 	 	 	 	 	0	1	1	1	1	1	1	1	1	1	0	0	0	0	1	0	1	1	1	1	1	1	1	1	1	1	2	1
 	39	72184L	3	0	0	 	 	 	 	 	 	 	 	 	 	 	 	 	 	0	1	0	1	 	1	 	 	2	 	0	 	0	 	0	 	3	 	1	 	1	 	1	 	1	 	1	1
 	39	72185M	6	0	0	 	 	 	 	 	 	 	 	 	 	 	 	 	 	9	1	1	1	1	1	1	1	1	1	0	0	0	0	0	0	3	1	1	2	1	2	1	2	1	1	2	2
 	39	72186N	6	0	0	 	 	 	 	 	 	 	 	 	 	 	 	 	 	9	1	0	1	 	1	 	 	1	 	0	 	0	 	0	 	1	 	2	2	1	 	1	 	1	 	9	9
 	39	72187P	11	0	0	 	 	 	 	 	 	 	 	 	 	 	 	 	 	0	1	0	1	 	2	 	0	1	 	0	 	0	 	0	 	1	 	1	 	1	 	1	 	1	 	1	1
 	39	72188Q	11	1	1	1	1	1	1	2	1	0	1	1	1	1	1	1	1	0	0	0	 	0	0	0	0	0	0	0	0	0	0	0	0	0	0	0	0	0	0	0	0	0	0	0	0
 	39	72189R	11	0	0	 	 	 	 	 	 	 	 	 	 	 	 	 	 	0	1	1	1	1	1	1	1	1	1	0	0	0	0	0	0	3	1	1	2	2	1	2	2	1	1	1	1
 	39	72190S	11	0	0	 	 	 	 	 	 	 	 	 	 	 	 	 	 	0	1	1	1	1	1	1	1	1	2	0	0	0	0	0	0	1	1	1	1	1	2	1	2	1	1	2	3
 	39	72191T	14	0	0	 	 	 	 	 	 	 	 	 	 	 	 	 	 	0	0	0	 	0	0	0	0	0	0	0	0	0	0	0	0	0	0	0	0	0	0	0	0	0	0	0	0
 	39	72192V	14	0	0	 	 	 	 	 	 	 	 	 	 	 	 	 	 	0	1	1	1	1	1	1	1	1	1	0	0	0	0	0	0	1	1	2	2	1	1	2	2	1	1	1	2
 	39	72193W	14	0	0	 	 	 	 	 	 	 	 	 	 	 	 	 	 	0	1	1	1	1	1	1	1	2	2	0	0	0	0	1	1	1	1	1	1	2	2	2	2	1	1	2	2
 	39	72194X	22	0	0	 	 	 	 	 	 	 	 	 	 	 	 	 	 	0	 	0	0	0	0	0	0	0	0	0	0	0	0	0	0	0	0	0	0	0	0	0	0	0	0	0	0
 	39	72195Y	22	 	 	 	 	 	 	 	 	 	 	 	 	 	 	 	 	0	 	0	0	0	0	0	0	0	0	0	0	0	0	0	0	0	0	0	0	0	0	0	0	0	0	0	0
 	39	72196Z	22	 	 	 	 	 	 	 	 	 	 	 	 	 	 	 	 	0	1	1	1	1	1	1	1	2	2	0	0	0	0	0	0	1	1	1	2	1	2	1	2	1	1	2	1
 	39	72197A	22	0	0	 	 	 	 	 	 	 	 	 	 	 	 	 	 	1	 	0	0	0	0	0	0	0	0	0	0	0	0	0	0	0	0	0	0	0	0	0	0	0	0	0	0
 	39	72198B	22	 	 	 	 	 	 	 	 	 	 	 	 	 	 	 	 	0	1	1	1	1	1	1	1	2	2	0	0	0	0	0	0	1	1	1	1	1	1	1	1	1	1	1	1
 	39	72199C	27	 	 	 	 	 	 	 	 	 	 	 	 	 	 	 	 	0	1	0	1	 	1	 	 	1	 	0	 	0	 	0	 	1	 	1	 	1	 	1	 	1	 	0	0
 	39	72200D	27	 	 	 	 	 	 	 	 	 	 	 	 	 	 	 	 	0	0	0	 	0	0	0	0	0	0	0	0	0	0	0	0	0	0	0	0	0	0	0	0	0	0	0	0
 	39	72201E	30	0	0	 	 	 	 	 	 	 	 	 	 	 	 	 	 	0	1	1	1	1	1	1	0	1	2	0	0	0	0	0	0	1	1	1	2	1	1	1	2	1	2	1	2
 	39	72202F	35	0	0	 	 	 	 	 	 	 	 	 	 	 	 	 	 	0	1	1	1	1	1	1	1	2	2	0	0	0	0	1	0	1	1	1	1	2	2	2	2	1	1	1	2
 	39	72203G	35	0	0	 	 	 	 	 	 	 	 	 	 	 	 	 	 	0	1	1	1	1	1	1	1	1	1	0	0	0	0	0	0	1	1	1	1	1	2	1	2	1	1	1	2
 	39	72204H	35	0	0	 	 	 	 	 	 	 	 	 	 	 	 	 	 	0	0	0	 	0	0	0	0	0	0	0	0	0	0	0	0	0	0	0	0	0	0	0	0	0	0	0	0
 	39	72205J	38	 	 	 	 	 	 	 	 	 	 	 	 	 	 	 	 	0	1	1	1	1	1	1	1	2	2	0	0	0	0	0	0	1	1	1	1	1	1	1	1	1	1	2	1
 	39	72206K	46	0	0	 	 	 	 	 	 	 	 	 	 	 	 	 	 	0	1	1	1	1	1	1	1	2	2	0	0	0	0	0	0	3	1	1	1	2	2	1	1	1	2	1	1
 	39	72207L	46	0	0	 	 	 	 	 	 	 	 	 	 	 	 	 	 	0	1	 	1	 	1	 	 	1	 	0	 	0	 	0	 	3	 	1	 	1	 	2	 	1	 	1	1
 	39	72208M	46	0	1	 	1	 	1	 	1	 	1	 	2	 	1	 	2	0	1	0	1	 	1	 	 	1	 	0	 	0	 	0	 	3	 	1	 	1	 	1	 	1	 	1	1
 	39	72209N	54	0	0	 	 	 	 	 	 	 	 	 	 	 	 	 	 	0	1	1	1	1	1	1	1	1	1	0	0	0	0	0	0	1	1	1	2	2	1	1	1	2	1	1	1
 	39	72210P	54	0	0	 	 	 	 	 	 	 	 	 	 	 	 	 	 	0	1	1	1	1	1	1	1	1	1	0	0	0	0	0	0	1	1	1	2	1	1	1	1	2	1	2	9
 	39	72211Q	59	0	0	 	 	 	 	 	 	 	 	 	 	 	 	 	 	1	0	0	 	0	0	0	0	0	0	0	0	0	0	0	0	0	0	0	0	0	0	0	0	0	0	0	0
 	39	72212R	59	 	 	 	 	 	 	 	 	 	 	 	 	 	 	 	 	0	1	1	1	1	1	1	1	2	2	0	0	0	0	0	0	1	1	1	1	2	1	2	1	1	1	2	1
 	39	72213S	62	0	0	 	 	 	 	 	 	 	 	 	 	 	 	 	 	0	1	1	1	1	1	1	1	2	2	0	0	0	0	0	0	1	1	1	2	1	1	1	1	1	1	2	2
 	39	72214T	62	0	0	 	 	 	 	 	 	 	 	 	 	 	 	 	 	 	0	 	0	0	0	0	0	0	0	0	0	0	0	0	0	0	0	0	0	0	0	0	0	0	0	0	0
 	39	72215V	75	0	0	 	 	 	 	 	 	 	 	 	 	 	 	 	 	 	0	0	 	0	0	0	0	0	0	0	0	0	0	0	0	0	0	0	0	0	0	0	0	0	0	0	0
 	39	72217X	75	0	1	 	0	 	1	 	2	 	1	 	1	 	1	 	1	 	1	0	1	 	1	 	1	1	 	0	 	0	 	0	 	1	 	1	 	1	 	1	 	1	 	1	1
 	39	72220A	78	0	0	 	 	 	 	 	 	 	 	 	 	 	 	 	 	0	0	0	 	0	0	0	0	0	0	0	0	0	0	0	0	0	0	0	0	0	0	0	0	0	0	0	0
 	39	72221B	30	0	0	 	 	 	 	 	 	 	 	 	 	 	 	 	 	0	1	1	1	1	1	1	1	1	2	0	0	0	0	0	0	1	1	1	2	1	1	1	2	1	1	1	2
 	39	72222C	30	1	0	1	0	1	0	2	0	0	0	3	0	3	0	2	0	0	0	0	 	0	0	0	0	0	0	0	0	0	0	0	0	0	0	0	0	0	0	0	0	0	0	0	0
 	39	72223D	30	0	0	 	 	 	 	 	 	 	 	 	 	 	 	 	 	0	1	1	1	1	1	1	1	1	1	0	0	0	0	0	0	1	1	1	1	1	2	1	2	1	1	1	1
 	39	72224E	35	1	0	0	 	1	 	1	 	1	 	3	 	1	 	1	 	0	0	0	 	0	0	0	0	0	0	0	0	0	0	0	0	0	0	0	0	0	0	0	0	0	0	0	0
 	39	72225F	35	0	0	 	 	 	 	 	 	 	 	 	 	 	 	 	 	9	1	1	1	1	1	1	1	2	2	0	0	0	0	0	0	1	1	1	1	1	1	2	1	1	1	1	2
 	39	72226G	35	0	0	 	 	 	 	 	 	 	 	 	 	 	 	 	 	9	1	0	1	 	1	 	 	2	 	1	 	0	 	0	 	3	 	0	0	0	0	0	0	0	0	0	0
 	39	72227H	43	 	0	 	 	 	 	 	 	 	 	 	 	 	 	 	 	1	1	0	1	 	1	 	 	1	 	0	 	0	 	0	 	1	 	2	 	1	 	1	 	1	 	0	0
 	39	72228J	51	0	0	 	 	 	 	 	 	 	 	 	 	 	 	 	 	1	1	1	1	1	1	1	1	2	2	0	0	0	0	0	0	1	1	1	1	1	1	1	1	1	1	1	2
 	39	72229K	51	0	0	 	 	 	 	 	 	 	 	 	 	 	 	 	 	0	1	1	1	1	2	2	1	2	2	0	0	0	0	0	0	3	1	1	2	1	2	1	2	1	1	2	2
 	39	72230L	51	0	0	 	 	 	 	 	 	 	 	 	 	 	 	 	 	0	1	1	1	1	1	1	1	1	1	0	0	0	0	0	0	1	1	1	2	1	2	1	2	1	1	1	1
 	39	72231M	43	 	 	 	 	 	 	 	 	 	 	 	 	 	 	 	 	1	1	1	1	1	1	1	1	1	1	0	0	0	0	0	0	1	1	1	1	1	1	1	1	1	1	1	1
 	39	72232N	43	 	 	 	 	 	 	 	 	 	 	 	 	 	 	 	 	0	1	1	1	1	1	1	1	1	1	0	0	0	0	0	0	1	1	1	1	1	1	1	1	1	1	1	1
 	39	72233P	59	0	0	 	 	 	 	 	 	 	 	 	 	 	 	 	 	0	1	1	1	1	1	1	1	1	1	0	0	0	0	0	0	1	1	1	1	1	1	1	1	1	1	1	1
 	39	72234Q	75	 	 	 	 	 	 	 	 	 	 	 	 	 	 	 	 	0	1	1	1	1	1	1	1	1	1	0	0	0	0	1	0	3	1	1	1	1	1	2	2	1	2	1	1
 	39	72260T	38	0	0	 	 	 	 	 	 	 	 	 	 	 	 	 	 	0	0	0	 	0	0	0	0	0	0	0	0	0	0	0	0	0	0	0	0	0	0	0	0	0	0	0	0
 	39	72262W	67	0	0	 	 	 	 	 	 	 	 	 	 	 	 	 	 	0	1	1	1	1	2	2	1	1	1	0	0	1	0	0	0	1	1	1	1	1	1	1	1	2	2	1	2
 	39	72263X	67	0	0	 	 	 	 	 	 	 	 	 	 	 	 	 	 	0	0	0	 	0	0	0	0	0	0	0	0	0	0	0	0	0	0	0	0	0	0	0	0	0	0	0	0
 	39	72264Y	70	0	0	 	 	 	 	 	 	 	 	 	 	 	 	 	 	0	1	1	1	1	1	1	1	1	2	0	0	0	0	0	0	1	1	1	0	1	1	1	1	1	1	1	1
 	39	72265Z	70	1	0	1	 	1	 	1	 	1	 	1	 	1	 	1	 	1	0	0	 	0	0	0	0	0	0	0	0	0	0	0	0	0	0	0	0	0	0	0	0	0	0	0	0
 	39	72266A	70	1	1	1	1	1	1	2	1	1	1	1	1	1	1	1	1	0	0	0	 	 	 	 	 	 	 	 	 	 	 	 	 	 	0	0	0	0	0	0	0	0	0	0	0
 	39	72274J	35	0	0	 	 	 	 	 	 	 	 	 	 	 	 	 	 	9	1	1	1	3	1	2	9	2	1	0	0	0	1	0	0	1	1	1	1	1	2	1	2	1	1	2	2
 	39	72275K	35	0	0	 	 	 	 	 	 	 	 	 	 	 	 	 	 	9	0	0	 	0	0	0	0	0	0	0	0	0	0	0	0	0	0	0	0	0	0	0	0	0	0	0	0
 	39	72276L	38	 	 	 	 	 	 	 	 	 	 	 	 	 	 	 	 	0	 	0	0	0	0	0	0	0	0	0	0	0	0	0	0	0	0	0	0	0	0	0	0	0	0	0	0
4	39	71257D	3	1	0	1	 	1	 	3	 	1	 	1	 	1	 	1	 	0	0	0	 	0	0	0	0	0	0	0	0	0	0	0	0	0	0	0	0	0	0	0	0	0	0	0	0
4	39	71258E	3	0	0	 	 	 	 	 	 	 	 	 	 	 	 	 	 	0	1	0	1	 	1	 	 	2	 	0	 	1	 	0	 	1	 	1	 	1	 	1	 	1	 	9	9
4	39	71259F	3	0	0	 	 	 	 	 	 	 	 	 	 	 	 	 	 	0	1	1	1	1	2	2	1	1	1	0	0	0	0	1	0	3	1	1	2	1	1	2	2	1	2	1	2
4	39	71272V	62	1	0	0	 	1	 	2	 	1	 	1	 	1	 	1	 	0	0	0	 	 	 	 	 	 	 	 	 	 	 	 	 	 	 	 	 	 	 	 	 	 	 	 	 
4	39	81001V	4	 	 	 	 	 	 	 	 	 	 	 	 	 	 	 	 	0	1	1	1	1	1	1	1	2	2	0	0	0	0	0	0	1	1	1	1	1	1	2	1	1	1	1	1
4	39	81002W	4	 	 	 	 	 	 	 	 	 	 	 	 	 	 	 	 	0	1	1	1	1	1	1	0	1	1	0	0	0	0	0	0	3	2	1	1	1	1	1	2	1	1	1	2
4	39	81003X	4	 	0	1	 	1	 	2	 	1	 	3	 	1	 	1	 	0	0	0	 	0	0	0	0	0	0	0	0	0	0	0	0	0	0	0	0	0	0	0	0	0	0	0	0
4	39	81004Y	4	0	0	 	 	 	 	 	 	 	 	 	 	 	 	 	 	0	1	0	1	 	2	 	 	1	 	0	 	0	 	1	 	3	 	1	 	2	 	1	 	1	 	 	 
4	39	81005Z	4	 	 	 	 	 	 	 	 	 	 	 	 	 	 	 	 	0	1	1	1	1	1	1	1	2	1	0	0	0	0	0	0	3	1	1	2	2	2	1	2	1	1	1	2
4	39	81006A	4	0	0	 	 	 	 	 	 	 	 	 	 	 	 	 	 	0	 	0	0	0	0	0	0	0	0	0	0	0	0	0	0	0	0	0	0	0	0	0	0	0	0	0	0
4	39	81007B	4	0	0	 	 	 	 	 	 	 	 	 	 	 	 	 	 	0	0	0	 	0	0	0	0	0	0	0	0	0	0	0	0	0	0	0	0	0	0	0	0	0	0	0	0
4	39	81008C	4	 	 	 	 	 	 	 	 	 	 	 	 	 	 	 	 	0	1	1	1	1	1	1	1	2	2	0	0	0	0	0	0	1	1	1	1	2	1	1	1	1	1	1	1
4	39	81009D	4	 	 	 	 	 	 	 	 	 	 	 	 	 	 	 	 	0	1	1	1	1	1	1	0	0	0	0	0	0	0	0	0	3	1	1	2	1	1	2	2	1	1	2	1
4	39	81012G	5	0	0	 	 	 	 	 	 	 	 	 	 	 	 	 	 	0	1	1	1	1	1	1	1	1	2	0	0	0	0	0	0	1	1	1	1	1	2	1	1	1	1	1	1
4	39	81014J	5	0	0	 	 	 	 	 	 	 	 	 	 	 	 	 	 	0	1	1	1	1	1	1	1	1	1	0	0	0	0	0	0	1	1	1	1	1	1	1	1	1	1	1	1
4	39	81015K	5	0	0	 	 	 	 	 	 	 	 	 	 	 	 	 	 	0	1	0	1	 	1	 	0	1	 	0	 	0	 	0	 	1	 	1	 	2	 	2	 	1	 	 	9
4	39	81016L	5	0	1	 	1	 	1	 	1	 	1	 	1	 	1	 	1	1	1	0	1	 	1	 	0	2	 	0	 	0	 	0	 	1	 	1	 	2	 	2	 	1	 	1	1
4	39	81017M	5	0	0	 	 	 	 	 	 	 	 	 	 	 	 	 	 	1	0	0	 	0	0	0	0	0	0	0	0	0	0	0	0	0	0	0	0	0	0	0	0	0	0	0	0
4	39	81018N	5	1	0	1	 	1	 	3	 	0	 	1	 	1	 	1	 	0	0	0	 	 	0	0	0	0	0	0	0	0	0	0	0	0	0	0	0	0	0	0	0	0	0	0	0
4	39	81020Q	12	0	0	 	 	 	 	 	 	 	 	 	 	 	 	 	 	0	1	1	1	1	1	1	1	2	2	0	0	0	0	0	0	3	1	1	1	1	2	1	1	1	1	1	2
4	39	81021R	12	0	1	 	1	 	1	 	1	 	0	 	1	 	1	 	1	0	1	0	1	 	1	 	1	1	 	0	 	0	 	0	 	3	 	1	 	1	 	1	 	1	 	1	1
4	39	81022S	12	0	0	 	 	 	 	 	 	 	 	 	 	 	 	 	 	0	1	1	1	1	1	1	1	1	1	0	0	0	0	0	0	1	1	1	2	1	1	1	2	1	1	2	1
4	39	81023T	12	0	0	 	 	 	 	 	 	 	 	 	 	 	 	 	 	1	0	0	 	0	0	0	0	0	0	0	0	0	0	0	0	0	0	0	0	0	0	0	0	0	0	0	0
4	39	81024V	12	0	0	 	 	 	 	 	 	 	 	 	 	 	 	 	 	0	1	1	1	1	1	1	1	2	2	0	0	0	0	0	0	1	1	1	1	1	2	1	1	1	1	2	2
4	39	81025W	12	0	0	 	 	 	 	 	 	 	 	 	 	 	 	 	 	0	1	1	1	1	1	1	1	2	2	0	0	0	0	0	0	3	1	1	1	1	1	1	1	1	1	1	1
4	39	81026X	12	0	1	 	1	 	1	 	1	 	1	 	1	 	1	 	1	0	1	0	2	 	1	 	1	1	 	0	 	0	 	0	 	1	 	1	 	1	 	1	 	1	 	1	1
4	39	81027Y	12	0	0	 	 	 	 	 	 	 	 	 	 	 	 	 	 	0	0	0	 	0	0	0	0	0	0	0	0	0	0	0	0	0	0	0	0	0	0	0	0	0	0	0	0
4	39	81028Z	12	0	0	 	 	 	 	 	 	 	 	 	 	 	 	 	 	0	0	0	 	0	0	0	0	0	0	0	0	0	0	0	0	0	0	0	0	0	0	0	0	0	0	0	0
4	39	81029A	12	0	0	 	 	 	 	 	 	 	 	 	 	 	 	 	 	0	0	0	 	0	0	0	0	0	0	0	0	0	0	0	0	0	0	0	0	0	0	0	0	0	0	0	0
4	39	81030B	12	0	0	 	 	 	 	 	 	 	 	 	 	 	 	 	 	0	1	1	1	1	1	1	1	1	1	0	0	0	0	0	0	1	1	1	2	1	1	1	1	1	1	2	2
4	39	81032D	13	0	0	 	 	 	 	 	 	 	 	 	 	 	 	 	 	0	1	1	1	1	1	1	1	1	1	0	0	0	0	0	0	3	1	1	1	1	1	2	2	1	1	1	1
4	39	81033E	13	0	0	 	 	 	 	 	 	 	 	 	 	 	 	 	 	0	1	1	1	1	1	1	1	2	2	0	0	0	0	0	0	1	1	1	2	1	1	1	1	1	1	1	2
4	39	81034F	13	0	0	 	 	 	 	 	 	 	 	 	 	 	 	 	 	0	1	1	1	1	1	1	1	1	1	0	0	0	0	0	0	1	1	1	1	1	1	1	1	1	1	2	1
4	39	81037J	13	0	0	 	 	 	 	 	 	 	 	 	 	 	 	 	 	0	1	0	1	 	1	 	 	2	 	0	 	0	 	0	 	3	 	1	 	1	 	1	 	1	 	9	9
4	39	81038K	13	0	0	 	 	 	 	 	 	 	 	 	 	 	 	 	 	0	1	0	1	 	1	 	 	1	 	0	 	0	 	0	 	3	 	1	 	1	 	1	 	1	 	9	9
4	39	81039L	13	0	0	 	 	 	 	 	 	 	 	 	 	 	 	 	 	1	0	0	 	0	0	0	0	0	0	0	0	0	0	0	0	0	0	0	0	0	0	0	0	0	0	0	0
4	39	81041N	13	1	0	1	 	1	 	3	 	1	 	1	 	1	 	1	 	0	0	0	 	 	0	0	0	0	0	0	0	0	0	0	0	0	0	0	0	0	0	0	0	0	0	0	0
4	39	81042P	20	1	0	1	 	1	 	2	 	1	 	1	 	1	 	1	 	1	0	0	 	0	0	0	0	0	0	0	0	0	0	0	0	0	0	0	0	0	0	0	0	0	0	0	0
4	39	81043Q	20	1	0	1	 	1	 	2	 	1	 	1	 	1	 	1	 	1	0	0	 	0	0	0	0	0	0	0	0	0	0	0	0	0	0	0	0	0	0	0	0	0	0	0	0
4	39	81044R	20	0	0	 	 	 	 	 	 	 	 	 	 	 	 	 	 	0	0	0	 	0	0	0	0	0	0	0	0	0	0	0	0	0	0	0	0	0	0	0	0	0	0	0	0
4	39	81045S	20	0	0	 	 	 	 	 	 	 	 	 	 	 	 	 	 	0	1	1	1	1	1	1	1	1	1	0	0	0	0	0	0	1	1	1	1	1	1	1	1	1	1	1	3
4	39	81046T	20	0	0	 	 	 	 	 	 	 	 	 	 	 	 	 	 	0	0	0	 	0	0	0	0	0	0	0	0	0	0	0	0	0	0	0	0	0	0	0	0	0	0	0	0
4	39	81047V	21	0	0	 	 	 	 	 	 	 	 	 	 	 	 	 	 	0	1	1	1	1	1	1	1	1	1	0	0	0	0	0	0	1	1	1	1	1	1	1	1	1	1	1	1
4	39	81048W	21	0	0	 	 	 	 	 	 	 	 	 	 	 	 	 	 	0	1	1	1	1	1	1	1	1	1	0	0	0	0	0	0	1	1	1	1	1	1	1	1	1	1	1	1
4	39	81049X	21	0	0	 	 	 	 	 	 	 	 	 	 	 	 	 	 	0	1	1	1	1	1	1	1	2	2	0	0	0	0	0	0	1	1	1	2	1	1	1	1	1	1	2	1
4	39	81050Y	21	0	0	 	 	 	 	 	 	 	 	 	 	 	 	 	 	1	1	0	1	 	1	 	 	1	 	0	 	0	 	0	 	1	 	1	 	1	 	1	 	1	 	 	 
4	39	81051Z	21	0	0	 	 	 	 	 	 	 	 	 	 	 	 	 	 	0	1	1	2	1	1	1	1	1	1	0	0	0	0	0	0	1	1	1	1	1	1	1	1	1	1	1	1
4	39	81055D	21	0	0	 	 	 	 	 	 	 	 	 	 	 	 	 	 	1	0	0	 	0	0	0	0	0	0	0	0	0	0	0	0	0	0	0	0	0	0	0	0	0	0	0	0
4	39	81056E	21	0	1	 	1	 	1	 	1	 	1	 	1	 	1	 	1	0	1	0	1	 	1	 	 	1	 	1	 	1	 	1	 	1	 	1	 	 	 	1	 	1	 	0	0
4	39	81057F	21	1	0	1	 	1	 	2	 	0	 	1	 	1	 	1	 	0	 	0	0	0	0	0	0	0	0	0	0	0	0	0	0	0	0	0	0	0	0	0	0	0	0	0	0
4	39	81058G	21	0	0	 	 	 	 	 	 	 	 	 	 	 	 	 	 	0	0	0	 	0	0	0	0	0	0	0	0	0	0	0	0	0	0	0	0	0	0	0	0	0	0	0	0
4	39	81059H	21	0	0	 	 	 	 	 	 	 	 	 	 	 	 	 	 	0	1	1	1	1	1	1	1	1	1	0	0	0	0	0	0	1	1	1	2	1	2	1	2	1	1	1	1
4	39	81060J	21	1	0	0	 	1	 	2	 	1	 	2	 	1	 	1	 	1	0	0	 	0	0	0	0	0	0	0	0	0	0	0	0	0	0	0	0	0	0	0	0	0	0	0	0
4	39	81061K	21	0	0	 	 	 	 	 	 	 	 	 	 	 	 	 	 	0	0	0	 	0	0	0	0	0	0	0	0	0	0	0	0	0	0	0	0	0	0	0	0	0	0	0	0
4	39	81062L	21	0	1	 	1	 	1	 	1	 	0	 	3	 	3	 	2	0	1	0	1	 	1	 	1	1	 	0	0	0	0	0	0	1	 	1	 	1	 	1	 	1	 	0	0
4	39	81063M	21	0	0	 	 	 	 	 	 	 	 	 	 	 	 	 	 	1	1	1	1	1	1	1	1	1	1	0	0	0	0	0	0	1	1	1	2	1	2	1	2	1	1	1	1
4	39	81065P	28	0	0	 	 	 	 	 	 	 	 	 	 	 	 	 	 	0	0	0	 	0	0	0	0	0	0	0	0	0	0	0	0	0	0	0	0	0	0	0	0	0	0	0	0
4	39	81066Q	28	1	1	1	1	1	1	3	3	1	1	1	1	1	2	1	1	0	0	0	 	0	0	0	0	0	0	0	0	0	0	0	0	0	0	0	0	0	0	0	0	0	0	0	0
4	39	81067R	28	0	0	 	 	 	 	 	 	 	 	 	 	 	 	 	 	0	0	0	 	0	0	0	0	0	0	0	0	0	0	0	0	0	0	0	0	0	0	0	0	0	0	0	0
4	39	81068S	28	0	0	 	 	 	 	 	 	 	 	 	 	 	 	 	 	0	1	1	1	1	1	1	0	2	2	0	0	0	0	0	0	1	1	1	1	1	1	1	1	1	1	2	2
4	39	81069T	28	0	0	 	 	 	 	 	 	 	 	 	 	 	 	 	 	1	0	0	 	0	0	0	0	0	0	0	0	0	0	0	0	0	0	0	0	0	0	0	0	0	0	0	0
4	39	81070V	28	1	0	0	 	1	 	3	 	1	 	3	 	3	 	2	 	0	0	0	 	0	0	0	0	0	0	0	0	0	0	0	0	0	0	0	0	0	0	0	0	0	0	0	0
4	39	81071W	28	0	0	 	 	 	 	 	 	 	 	 	 	 	 	 	 	0	1	1	1	1	1	1	0	1	2	0	0	0	0	0	0	1	1	1	1	2	1	1	1	1	1	2	1
4	39	81072X	29	0	0	 	 	 	 	 	 	 	 	 	 	 	 	 	 	0	1	1	2	1	1	1	1	2	2	0	0	0	0	0	0	1	1	1	1	1	1	1	1	1	1	1	1
4	39	81073Y	29	0	0	 	 	 	 	 	 	 	 	 	 	 	 	 	 	1	0	0	 	0	0	0	0	0	0	0	0	0	0	0	0	0	0	0	0	0	0	0	0	0	0	0	0
4	39	81074Z	29	1	1	1	1	1	1	3	1	0	1	2	1	2	1	2	1	0	0	0	 	0	0	0	0	0	0	0	0	0	0	0	0	0	0	0	0	0	0	0	0	0	0	0	0
4	39	81075A	29	0	0	 	 	 	 	 	 	 	 	 	 	 	 	 	 	0	1	1	1	1	1	1	1	2	2	0	0	0	0	0	0	3	1	1	1	1	2	1	1	1	1	2	1
4	39	81076B	29	0	0	 	 	 	 	 	 	 	 	 	 	 	 	 	 	0	0	0	 	0	0	0	0	0	0	0	0	0	0	0	0	0	0	0	0	0	0	0	0	0	0	0	0
4	39	81077C	29	0	0	 	 	 	 	 	 	 	 	 	 	 	 	 	 	0	1	1	1	1	1	1	1	2	2	0	0	0	0	0	0	1	1	1	2	1	1	1	1	1	2	2	1
4	39	81078D	29	0	0	 	 	 	 	 	 	 	 	 	 	 	 	 	 	1	1	1	1	1	1	1	1	2	2	0	0	0	0	0	0	3	1	1	1	1	1	1	1	1	1	2	1
4	39	81079E	36	0	1	0	1	0	1	0	1	0	1	0	1	0	1	0	1	0	1	 	1	 	1	 	0	1	 	0	 	0	 	0	 	1	 	1	 	1	 	1	 	1	 	2	1
4	39	81080F	36	0	0	 	 	 	 	 	 	 	 	 	 	 	 	 	 	0	1	1	1	1	1	1	1	1	1	0	0	0	0	0	0	1	1	1	1	1	1	1	1	1	1	1	1
4	39	81081G	36	0	0	 	 	 	 	 	 	 	 	 	 	 	 	 	 	0	0	0	 	 	 	 	 	 	 	 	 	 	 	 	 	0	0	0	0	0	0	0	0	0	0	0	0
4	39	81083J	36	 	0	0	0	0	0	0	0	0	0	0	0	0	0	0	0	0	0	0	0	0	0	0	0	0	0	0	0	0	0	0	0	0	0	0	0	0	0	0	0	0	0	0	0
4	39	81084K	36	0	0	 	 	 	 	 	 	 	 	 	 	 	 	 	 	0	1	1	1	1	1	1	0	1	2	0	0	0	0	0	0	1	1	1	2	1	2	1	2	1	2	2	1
4	39	81085L	36	0	0	 	 	 	 	 	 	 	 	 	 	 	 	 	 	0	1	0	1	 	1	 	0	1	 	0	 	0	 	0	 	1	 	1	 	1	 	1	 	1	 	9	9
4	39	81086M	36	0	0	 	 	 	 	 	 	 	 	 	 	 	 	 	 	0	0	0	 	0	0	0	0	0	0	0	0	0	0	0	0	0	0	0	0	0	0	0	0	0	0	0	0
4	39	81087N	36	1	1	1	1	1	1	1	1	1	0	1	1	1	1	1	1	0	0	0	 	0	0	0	0	0	0	0	0	0	0	0	0	0	0	0	0	0	0	0	0	0	0	0	0
4	39	81088P	36	1	0	1	 	1	 	4	 	1	 	1	 	1	 	1	 	0	0	0	 	0	0	0	0	0	0	0	0	0	0	0	0	0	0	0	0	0	0	0	0	0	0	0	0
4	39	81089Q	36	0	0	 	 	 	 	 	 	 	 	 	 	 	 	 	 	0	1	1	1	1	1	1	1	2	2	0	0	0	0	0	0	1	1	2	2	1	1	1	1	1	1	2	1
4	39	81090R	36	0	0	 	 	 	 	 	 	 	 	 	 	 	 	 	 	0	0	0	 	0	0	0	0	0	0	0	0	0	0	0	0	0	0	0	0	0	0	0	0	0	0	0	0
4	39	81091S	37	0	0	 	 	 	 	 	 	 	 	 	 	 	 	 	 	 	0	0	 	0	0	0	0	0	0	0	0	0	0	0	0	0	0	0	0	0	0	0	0	0	0	0	0
4	39	81092T	37	0	0	 	 	 	 	 	 	 	 	 	 	 	 	 	 	0	1	1	1	1	1	1	1	1	1	0	0	0	0	0	0	1	1	1	1	1	2	1	2	1	1	2	1
4	39	81093V	37	 	1	 	1	 	1	 	1	 	1	 	2	 	1	 	1	0	0	 	 	 	 	 	 	 	0	0	0	0	0	0	0	0	0	0	0	0	0	0	0	0	0	0	0
4	39	81094W	37	1	1	0	1	1	1	3	1	1	1	1	2	1	1	1	2	0	0	0	 	0	0	0	0	0	0	0	0	0	0	0	0	0	0	0	0	0	0	0	0	0	0	0	0
4	39	81095X	37	0	0	 	 	 	 	 	 	 	 	 	 	 	 	 	 	0	0	0	 	0	0	0	0	0	0	0	0	0	0	0	0	0	0	0	0	0	0	0	0	0	0	0	0
4	39	81096Y	37	0	1	 	1	 	1	 	1	 	1	 	2	 	1	 	2	0	1	0	1	 	1	 	1	1	 	0	 	0	 	1	 	1	 	1	 	2	 	2	 	2	 	1	1
4	39	81097Z	37	1	1	1	1	1	1	1	1	1	1	1	1	1	1	1	1	1	0	0	 	0	0	0	0	0	0	0	0	0	0	0	0	0	0	0	0	0	0	0	0	0	0	0	0
4	39	81098A	37	0	0	 	 	 	 	 	 	 	 	 	 	 	 	 	 	1	1	0	1	 	1	 	 	1	 	0	 	0	 	0	 	3	 	1	 	1	 	1	 	1	 	1	1
4	39	81100C	44	1	0	1	 	1	 	3	 	1	 	3	 	1	 	1	 	0	 	0	0	0	0	0	0	0	0	0	0	0	0	0	0	0	0	0	0	0	0	0	0	0	0	0	0
4	39	81101D	44	 	 	 	 	 	 	 	 	 	 	 	 	 	 	 	 	0	1	0	1	 	1	 	 	1	 	0	 	0	 	1	 	1	 	1	 	1	 	1	 	1	 	0	0
4	39	81102E	44	1	0	1	 	1	 	3	 	1	 	1	 	1	 	1	 	1	 	0	0	0	0	0	0	0	0	0	0	0	0	0	0	0	0	0	0	0	0	0	0	0	0	0	0
4	39	81103F	44	 	 	 	 	 	 	 	 	 	 	 	 	 	 	 	 	0	1	1	1	1	1	1	1	1	1	0	0	0	0	0	0	1	1	1	1	1	1	2	1	1	1	1	1
4	39	81104G	44	1	1	1	1	1	1	3	1	1	1	1	1	1	1	1	1	0	 	0	0	0	0	0	0	0	0	0	0	0	0	0	0	0	0	0	0	0	0	0	0	0	0	0	0
4	39	81105H	44	 	 	 	 	 	 	 	 	 	 	 	 	 	 	 	 	0	1	1	1	1	1	1	1	1	1	0	0	0	0	0	0	1	1	1	2	1	1	1	1	1	1	1	2
4	39	81106J	44	0	1	0	0	 	1	 	1	 	1	 	1	 	1	 	1	0	1	0	1	 	1	 	1	1	 	0	 	0	 	1	 	3	 	1	 	1	 	1	 	1	 	0	0
4	39	81107K	44	 	 	 	 	 	 	 	 	 	 	 	 	 	 	 	 	0	 	0	0	0	0	0	0	0	0	0	0	0	0	0	0	0	0	0	0	0	0	0	0	0	0	0	0
4	39	81108L	44	 	 	 	 	 	 	 	 	 	 	 	 	 	 	 	 	0	 	0	0	0	0	0	0	0	0	0	0	0	0	0	0	0	0	0	0	0	0	0	0	0	0	0	0
4	39	81109M	44	 	 	 	 	 	 	 	 	 	 	 	 	 	 	 	 	1	 	0	0	0	0	0	0	0	0	0	0	0	0	0	0	0	0	0	0	0	0	0	0	0	0	0	0
4	39	81110N	44	1	0	1	 	1	 	3	 	1	 	1	 	1	 	1	 	0	 	0	0	0	0	0	0	0	0	0	0	0	0	0	0	0	0	0	0	0	0	0	0	0	0	0	0
4	39	81111P	44	 	 	 	 	 	 	 	 	 	 	 	 	 	 	 	 	0	 	0	0	0	0	0	0	0	0	0	0	0	0	0	0	0	0	0	0	0	0	0	0	0	0	0	0
4	39	81112Q	44	 	 	 	 	 	 	 	 	 	 	 	 	 	 	 	 	0	1	1	1	1	1	1	1	1	1	0	0	0	0	0	0	1	1	1	1	1	1	1	1	1	1	1	1
4	39	81113R	45	1	0	1	0	1	0	2	0	1	0	1	 	1	 	1	 	0	0	0	 	0	0	0	0	0	0	0	0	0	0	0	0	0	0	0	0	0	0	0	0	0	0	0	0
4	39	81114S	45	1	0	1	0	1	0	3	0	1	0	1	0	1	0	1	0	0	0	0	 	0	0	0	0	0	0	0	0	0	0	0	0	0	0	0	0	0	0	0	0	0	0	0	0
4	39	81115T	45	0	0	 	 	 	 	 	 	 	 	 	 	 	 	 	 	0	1	1	1	1	1	1	1	1	1	1	1	1	1	1	1	1	1	1	1	1	1	1	1	1	1	1	1
4	39	81116V	45	0	0	 	 	 	 	 	 	 	 	 	 	 	 	 	 	0	1	1	1	3	2	2	1	1	1	0	0	0	0	0	0	3	1	1	2	1	1	1	1	1	1	1	1
4	39	81118X	45	0	1	0	1	0	1	0	1	0	1	0	1	0	1	0	1	0	1	0	1	0	1	0	1	1	0	0	0	0	0	0	0	1	 	1	 	1	 	1	 	1	 	1	1
4	39	81119Y	45	0	0	 	 	 	 	 	 	 	 	 	 	 	 	 	 	0	0	0	 	0	0	0	0	0	0	0	0	0	0	0	0	0	0	0	0	0	0	0	0	0	0	0	0
4	39	81120Z	45	0	1	0	1	0	1	0	1	0	0	0	2	0	1	0	2	0	1	0	1	0	1	0	1	1	0	0	 	0	 	0	 	1	0	1	 	1	 	1	 	1	 	1	1
4	39	81121A	45	0	0	 	 	 	 	 	 	 	 	 	 	 	 	 	 	0	1	1	1	1	1	1	0	2	2	0	0	0	0	0	0	1	1	1	1	1	1	1	1	1	1	1	1
4	39	81122B	45	0	0	 	 	 	 	 	 	 	 	 	 	 	 	 	 	0	1	1	1	1	1	1	1	2	2	0	0	0	0	0	0	1	1	1	1	1	1	1	2	1	1	2	1
4	39	81123C	45	0	0	 	 	 	 	 	 	 	 	 	 	 	 	 	 	1	0	0	 	0	0	0	0	0	0	0	0	0	0	0	0	0	0	0	0	0	0	0	0	0	0	0	0
4	39	81124D	45	0	1	 	1	 	1	 	2	 	0	 	1	 	1	 	1	0	1	0	1	 	1	 	1	1	 	0	 	0	 	0	 	1	 	1	 	1	 	1	 	1	 	1	1
4	39	81125E	45	0	0	 	 	 	 	 	 	 	 	 	 	 	 	 	 	0	1	1	1	1	1	1	1	1	1	0	0	0	0	0	0	1	1	1	2	1	2	1	2	1	1	1	1
4	39	81126F	45	0	0	 	 	 	 	 	 	 	 	 	 	 	 	 	 	0	1	1	1	1	1	1	1	1	1	1	1	1	1	1	1	1	1	1	1	1	1	1	1	1	1	1	1
4	39	81127G	45	0	1	 	1	 	1	 	1	 	1	 	2	 	1	 	1	0	1	0	1	0	1	0	1	1	0	0	0	0	0	0	0	1	 	1	 	1	 	1	 	1	 	1	1
4	39	81128H	45	0	0	 	 	 	 	 	 	 	 	 	 	 	 	 	 	0	1	1	1	1	1	1	1	1	1	1	1	1	1	1	1	1	1	1	1	1	1	1	1	1	1	1	1
4	39	81129J	45	0	0	 	 	 	 	 	 	 	 	 	 	 	 	 	 	0	1	1	1	1	1	1	1	1	1	1	1	1	1	1	1	1	1	1	1	1	1	1	1	1	1	1	1
4	39	81130K	45	0	0	 	 	 	 	 	 	 	 	 	 	 	 	 	 	0	0	0	 	0	0	0	0	0	0	0	0	0	0	0	0	0	0	0	0	0	0	0	0	0	0	0	0
4	39	81131L	52	0	1	 	1	 	1	 	2	 	1	 	1	 	1	 	1	0	1	0	2	 	1	 	1	1	 	0	 	0	 	0	 	1	 	1	 	1	 	1	 	1	 	1	1
4	39	81133N	52	0	1	 	1	 	1	 	1	 	0	 	1	 	1	 	1	0	1	0	1	 	1	 	 	2	 	0	 	0	 	0	 	1	 	1	 	1	 	1	 	1	 	1	1
4	39	81134P	52	1	0	1	 	1	 	1	 	1	 	1	 	1	 	1	 	0	0	0	 	0	0	0	0	0	0	0	0	0	0	0	0	0	0	0	0	0	0	0	0	0	0	0	0
4	39	81135Q	52	0	0	 	 	 	 	 	 	 	 	 	 	 	 	 	 	0	0	0	 	0	0	0	0	0	0	0	0	0	0	0	0	0	0	0	0	0	0	0	0	0	0	0	0
4	39	81137S	52	0	0	 	 	 	 	 	 	 	 	 	 	 	 	 	 	0	0	0	 	0	0	0	0	0	0	0	0	0	0	0	0	0	0	0	0	0	0	0	0	0	0	0	0
4	39	81138T	52	1	1	1	1	1	1	1	1	1	1	1	3	1	1	1	1	0	0	0	 	0	0	0	0	0	0	0	0	0	0	0	0	0	0	0	0	0	0	0	0	0	0	0	0
4	39	81139V	52	0	0	 	 	 	 	 	 	 	 	 	 	 	 	 	 	0	1	1	1	1	1	1	1	1	1	0	0	0	0	0	0	1	1	1	2	1	1	1	2	1	1	1	1
4	39	81141X	53	 	 	 	 	 	 	 	 	 	 	 	 	 	 	 	 	0	1	1	1	1	1	1	1	1	1	0	0	0	0	0	0	1	1	1	1	1	1	1	1	1	1	1	1
4	39	81142Y	53	1	 	1	 	0	 	1	 	1	 	1	 	1	 	1	 	1	 	0	0	0	0	0	0	0	0	0	0	0	0	0	0	0	0	0	0	0	0	0	0	0	0	0	0
4	39	81143Z	53	1	0	1	 	1	 	3	 	1	 	3	 	3	 	2	 	1	 	0	0	0	0	0	0	0	0	0	0	0	0	0	0	0	0	0	0	0	0	0	0	0	0	0	0
4	39	81144A	53	 	 	 	 	 	 	 	 	 	 	 	 	 	 	 	 	0	1	1	1	1	1	1	1	2	2	0	0	0	0	0	0	1	1	1	1	1	1	1	1	1	1	1	1
4	39	81145B	53	1	1	1	1	1	1	2	1	1	0	3	1	3	1	2	1	1	 	0	0	0	0	0	0	0	0	0	0	0	0	0	0	0	0	0	0	0	0	0	0	0	0	0	0
4	39	81146C	53	 	 	 	 	 	 	 	 	 	 	 	 	 	 	 	 	0	 	0	0	0	0	0	0	0	0	0	0	0	0	0	0	0	0	0	0	0	0	0	0	0	0	0	0
4	39	81148E	53	 	 	 	 	 	 	 	 	 	 	 	 	 	 	 	 	0	 	0	0	0	0	0	0	0	0	0	0	0	0	0	0	0	0	0	0	0	0	0	0	0	0	0	0
4	39	81149F	53	1	0	1	 	1	 	3	 	0	 	1	 	1	 	1	 	0	 	0	0	0	0	0	0	0	0	0	0	0	0	0	0	0	0	0	0	0	0	0	0	0	0	0	0
4	39	81150G	53	 	 	 	 	 	 	 	 	 	 	 	 	 	 	 	 	0	1	1	1	1	1	1	1	1	1	0	0	0	0	0	0	1	1	1	1	1	1	1	1	1	1	1	1
4	39	81151H	53	 	 	 	 	 	 	 	 	 	 	 	 	 	 	 	 	0	1	1	1	1	1	1	1	2	2	1	0	1	0	0	0	1	1	1	1	2	1	2	1	1	1	2	2
4	39	81152J	60	0	0	 	 	 	 	 	 	 	 	 	 	 	 	 	 	0	1	1	1	1	1	1	1	2	2	0	0	0	0	0	0	3	1	1	1	1	2	1	2	1	2	1	2
4	39	81153K	60	0	0	 	 	 	 	 	 	 	 	 	 	 	 	 	 	1	0	0	 	0	0	0	0	0	0	0	0	0	0	0	0	0	0	0	0	0	0	0	0	0	0	0	0
4	39	81155M	60	0	1	 	1	 	1	 	1	 	1	 	1	 	1	 	1	0	1	0	1	 	1	 	 	1	 	0	 	0	 	0	 	3	 	1	 	1	 	1	 	2	 	2	1
4	39	81156N	60	1	0	1	 	1	 	3	 	1	 	1	 	1	 	1	 	0	0	0	 	0	0	0	0	0	0	0	0	0	0	0	0	0	0	0	0	0	0	0	0	0	0	0	0
4	39	81158Q	60	 	 	 	 	 	 	 	 	 	 	 	 	 	 	 	 	 	1	0	1	 	1	 	 	2	 	1	 	0	 	0	 	3	 	1	 	2	 	2	 	1	 	0	0
4	39	81160S	60	0	0	 	 	 	 	 	 	 	 	 	 	 	 	 	 	0	1	1	1	1	1	1	1	1	1	0	0	0	0	0	0	1	1	1	2	1	1	1	1	1	1	1	1
4	39	81161T	60	1	1	1	1	1	1	3	1	1	0	1	1	1	1	1	1	0	0	0	 	0	0	0	0	0	0	0	0	0	0	0	0	0	0	0	0	0	0	0	0	0	0	0	0
4	39	81162V	61	0	0	 	 	 	 	 	 	 	 	 	 	 	 	 	 	0	0	0	 	0	0	0	0	0	0	0	0	0	0	0	0	0	0	0	0	0	0	0	0	0	0	0	0
4	39	81163W	61	0	0	 	 	 	 	 	 	 	 	 	 	 	 	 	 	0	0	0	 	0	0	0	0	0	0	0	0	0	0	0	0	0	0	0	0	0	0	0	0	0	0	0	0
4	39	81165Y	61	 	0	 	 	 	 	 	 	 	 	 	 	 	 	 	 	1	1	 	1	 	1	 	0	1	 	0	 	0	 	0	 	1	 	1	 	1	 	1	 	1	 	9	1
4	39	81166Z	61	0	0	 	 	 	 	 	 	 	 	 	 	 	 	 	 	0	1	1	1	1	1	1	1	2	2	0	0	0	0	0	0	1	1	1	2	1	1	1	1	1	1	2	1
4	39	81167A	61	0	0	 	 	 	 	 	 	 	 	 	 	 	 	 	 	0	1	0	1	 	1	 	 	1	 	0	 	0	 	0	 	1	 	1	 	1	 	1	 	1	 	1	1
4	39	81168B	61	0	0	 	 	 	 	 	 	 	 	 	 	 	 	 	 	0	1	1	1	1	1	1	1	2	2	0	0	0	0	0	0	1	1	1	2	1	1	1	1	1	2	1	1
4	39	81170D	61	0	0	 	 	 	 	 	 	 	 	 	 	 	 	 	 	0	1	0	1	 	1	 	 	1	 	0	 	0	 	0	 	3	 	1	 	1	 	1	 	1	 	1	1
4	39	81171E	61	0	0	 	 	 	 	 	 	 	 	 	 	 	 	 	 	0	1	1	1	1	1	1	1	2	2	0	0	1	1	0	0	1	1	1	2	1	2	1	2	1	1	2	2
4	39	81172F	68	0	0	 	 	 	 	 	 	 	 	 	 	 	 	 	 	0	1	1	1	1	1	1	1	1	1	0	0	0	0	0	0	1	1	1	1	1	1	1	1	1	1	1	1
4	39	81173G	68	0	0	 	 	 	 	 	 	 	 	 	 	 	 	 	 	0	1	1	1	1	1	1	1	1	1	0	0	0	0	0	0	3	1	1	2	1	2	1	1	1	1	1	1
4	39	81174H	68	0	0	 	 	 	 	 	 	 	 	 	 	 	 	 	 	0	1	1	1	1	1	1	1	2	2	0	0	0	0	0	0	1	1	1	2	2	2	2	2	1	1	1	1
4	39	81175J	68	0	0	 	 	 	 	 	 	 	 	 	 	 	 	 	 	0	1	1	1	1	1	1	1	1	1	0	0	0	0	0	0	1	1	1	1	1	2	1	1	1	2	2	1
4	39	81176K	68	0	0	 	 	 	 	 	 	 	 	 	 	 	 	 	 	1	1	0	1	 	1	 	0	2	 	0	 	1	 	0	 	1	 	1	 	1	 	1	 	1	 	1	1
4	39	81177L	68	0	0	 	 	 	 	 	 	 	 	 	 	 	 	 	 	0	0	1	 	1	 	1	0	 	2	 	0	 	0	 	0	 	1	 	1	 	1	 	1	 	1	1	1
4	39	81178M	68	0	0	 	 	 	 	 	 	 	 	 	 	 	 	 	 	1	0	0	 	0	0	0	0	0	0	0	0	0	0	0	0	0	0	0	0	0	0	0	0	0	0	0	0
4	39	81179N	68	0	0	 	 	 	 	 	 	 	 	 	 	 	 	 	 	0	0	0	 	0	0	0	0	0	0	0	0	0	0	0	0	0	0	0	0	0	0	0	0	0	0	0	0
4	39	81180P	69	0	0	 	 	 	 	 	 	 	 	 	 	 	 	 	 	1	0	0	 	0	0	0	0	0	0	0	0	0	0	0	0	0	0	0	0	0	0	0	0	0	0	0	0
4	39	81181Q	69	1	1	1	1	1	1	3	3	1	1	1	1	1	1	1	1	0	0	0	 	0	0	0	0	0	0	0	0	0	0	0	0	0	0	0	0	0	0	0	0	0	0	0	0
4	39	81183S	69	1	1	1	1	1	1	3	1	1	0	1	1	1	1	1	1	1	0	0	 	0	0	0	0	0	0	0	0	0	0	0	0	0	0	0	0	0	0	0	0	0	0	0	0
4	39	81184T	69	0	0	 	 	 	 	 	 	 	 	 	 	 	 	 	 	0	0	0	 	0	0	0	0	0	0	0	0	0	0	0	0	0	0	0	0	0	0	0	0	0	0	0	0
4	39	81186W	69	0	0	 	 	 	 	 	 	 	 	 	 	 	 	 	 	1	0	0	 	0	0	0	0	0	0	0	0	0	0	0	0	0	0	0	0	0	0	0	0	0	0	0	0
4	39	81187X	69	0	0	 	 	 	 	 	 	 	 	 	 	 	 	 	 	0	0	0	 	0	0	0	0	0	0	0	0	0	0	0	0	0	0	0	0	0	0	0	0	0	0	0	0
4	39	81188Y	69	0	0	 	 	 	 	 	 	 	 	 	 	 	 	 	 	0	1	1	1	1	1	1	1	1	1	0	0	0	0	0	0	1	1	1	2	1	1	1	1	1	1	1	1
4	39	81189Z	69	0	1	 	1	 	0	 	1	 	1	 	1	 	1	 	1	0	1	0	1	 	1	 	1	1	 	0	 	0	 	0	 	3	 	1	 	1	 	1	 	1	 	1	1
4	39	81190A	76	0	1	 	1	 	1	 	1	 	0	 	1	 	1	 	1	0	1	 	1	 	1	 	1	2	 	0	 	0	 	0	 	1	 	1	 	1	 	1	 	1	 	1	1
4	39	81191B	76	0	1	 	1	 	1	 	1	 	1	 	1	 	1	 	1	0	1	 	1	 	2	 	0	1	 	0	 	0	 	0	 	1	1	1	 	1	 	2	 	1	 	1	1
4	39	81192C	76	0	1	 	1	 	1	 	1	 	0	 	1	 	1	 	1	1	1	 	1	 	1	 	1	2	 	0	 	0	 	0	 	1	 	1	 	1	 	1	 	1	 	1	1
4	39	81193D	76	0	0	 	 	 	 	 	 	 	 	 	 	 	 	 	 	0	0	0	 	0	0	0	0	0	0	0	0	0	0	0	0	0	0	0	0	0	0	0	0	0	0	0	0
4	39	81194E	76	 	1	 	1	 	1	 	1	 	1	 	3	 	3	 	2	0	1	 	2	 	1	 	1	1	 	0	 	0	 	0	 	1	1	1	 	1	 	1	 	1	 	1	3
4	39	81195F	76	0	0	 	 	 	 	 	 	 	 	 	 	 	 	 	 	0	1	1	1	1	1	1	1	2	2	0	0	0	0	0	0	1	1	1	1	1	1	1	1	1	1	1	1
4	39	81196G	76	0	0	 	 	 	 	 	 	 	 	 	 	 	 	 	 	0	1	1	1	1	1	1	1	1	1	0	0	0	0	0	0	3	1	1	1	1	1	1	2	1	1	1	1
4	39	81197H	76	0	0	 	 	 	 	 	 	 	 	 	 	 	 	 	 	0	 	0	0	0	0	0	0	0	0	0	0	0	0	0	0	0	0	0	0	0	0	0	0	0	0	0	0
4	39	81198J	76	1	0	1	 	1	 	2	 	1	 	1	 	1	 	1	 	0	0	0	 	0	0	0	0	0	0	0	0	0	0	0	0	0	0	0	0	0	0	0	0	0	0	0	0
4	39	81200L	76	0	0	 	 	 	 	 	 	 	 	 	 	 	 	 	 	0	0	0	 	0	0	0	0	0	0	0	0	0	0	0	0	0	0	0	0	0	0	0	0	0	0	0	0
4	39	81201M	76	0	0	 	 	 	 	 	 	 	 	 	 	 	 	 	 	1	 	0	 	0	0	0	0	0	0	0	0	0	0	0	0	0	0	0	0	0	0	0	0	0	0	0	0
4	39	81202N	76	0	0	 	 	 	 	 	 	 	 	 	 	 	 	 	 	0	0	0	 	0	0	0	0	0	0	0	0	0	0	0	0	0	0	0	0	0	0	0	0	0	0	0	0
4	39	81203P	77	0	0	 	 	 	 	 	 	 	 	 	 	 	 	 	 	0	1	1	1	1	2	2	1	2	2	0	0	1	1	0	0	1	1	1	2	2	2	2	2	1	1	1	2
4	39	81204Q	77	0	0	 	 	 	 	 	 	 	 	 	 	 	 	 	 	0	1	1	1	1	1	1	1	2	2	0	0	0	0	0	0	3	1	1	2	1	2	1	2	1	1	2	2
4	39	81205R	77	0	0	 	 	 	 	 	 	 	 	 	 	 	 	 	 	0	0	0	 	0	0	0	0	0	0	0	0	0	0	0	0	0	0	0	0	0	0	0	0	0	0	0	0
4	39	81206S	77	0	0	 	 	 	 	 	 	 	 	 	 	 	 	 	 	1	0	0	 	0	0	0	0	0	0	0	0	0	0	0	0	0	0	0	0	0	0	0	0	0	0	0	0
4	39	81207T	77	0	0	 	 	 	 	 	 	 	 	 	 	 	 	 	 	0	1	1	1	1	1	1	1	2	2	0	0	0	0	0	0	3	1	1	1	1	2	1	2	1	1	2	2
4	39	81208V	77	0	0	 	 	 	 	 	 	 	 	 	 	 	 	 	 	0	1	1	1	1	1	1	1	2	2	0	0	0	0	0	0	3	1	1	2	1	1	1	1	1	1	1	2
4	39	81209W	77	1	1	1	1	1	1	2	3	1	1	3	3	2	2	2	2	0	0	0	 	0	0	0	0	0	0	0	0	0	0	0	0	0	0	0	0	0	0	0	0	0	0	0	0
4	39	81210X	77	1	0	1	 	1	 	2	 	1	 	1	 	1	 	1	 	0	0	1	 	1	 	1	 	 	1	 	0	 	0	 	0	 	1	 	1	 	1	 	1	 	1	1	1
4	39	81211Y	77	0	0	 	 	 	 	 	 	 	 	 	 	 	 	 	 	0	1	1	1	1	1	1	1	2	2	0	0	0	0	0	0	1	1	1	1	1	2	1	2	1	1	2	2
4	39	81212Z	77	0	0	 	 	 	 	 	 	 	 	 	 	 	 	 	 	0	0	0	 	0	0	0	0	0	0	0	0	0	0	0	0	0	0	0	0	0	0	0	0	0	0	0	0
4	39	81213A	77	0	0	 	 	 	 	 	 	 	 	 	 	 	 	 	 	0	0	0	 	0	0	0	0	0	0	0	0	0	0	0	0	0	0	0	0	0	0	0	0	0	0	0	0
4	39	81214B	77	1	1	1	1	1	1	2	1	1	1	1	2	1	3	1	2	0	0	0	 	0	0	0	0	0	0	0	0	0	0	0	0	0	0	0	0	0	0	0	0	0	0	0	0
4	39	81276T	37	0	0	 	 	 	 	 	 	 	 	 	 	 	 	 	 	0	1	1	1	1	2	2	1	1	1	0	0	1	0	0	0	3	1	1	1	2	2	2	2	1	2	2	1
4	39	81277V	36	0	1	 	1	 	1	 	3	 	0	 	3	 	3	 	2	0	0	0	 	 	 	 	 	 	 	 	 	 	 	 	 	 	 	 	 	 	 	 	 	 	 	 	 
4	39	81278W	52	0	0	 	 	 	 	 	 	 	 	 	 	 	 	 	 	1	0	0	 	0	0	0	0	0	0	0	0	0	0	0	0	0	0	0	0	0	0	0	0	0	0	0	0
4	39	81280Y	77	0	0	 	 	 	 	 	 	 	 	 	 	 	 	 	 	0	1	1	1	1	1	1	1	2	2	0	0	0	0	0	0	1	1	1	1	1	2	1	2	1	1	1	2
4	39	81281Z	36	0	0	 	 	 	 	 	 	 	 	 	 	 	 	 	 	0	1	1	1	1	2	2	1	1	1	0	0	0	0	0	1	3	1	1	2	1	2	1	2	1	2	2	2
4	39	81283B	20	0	0	0	0	 	 	 	 	 	 	 	 	 	 	 	 	0	0	0	 	 	 	 	 	 	 	 	 	 	 	 	 	 	 	 	 	 	 	 	 	 	 	 	 
4	39	81284C	21	0	0	 	 	 	 	 	 	 	 	 	 	 	 	 	 	0	1	1	1	1	1	1	1	2	2	0	0	0	0	0	0	1	1	1	1	1	1	1	1	1	1	2	2
4	39	81286E	12	0	0	 	 	 	 	 	 	 	 	 	 	 	 	 	 	1	0	0	 	0	0	0	0	0	0	0	0	0	0	0	0	0	0	0	0	0	0	0	0	0	0	0	0
4	39	81287F	44	 	 	 	 	 	 	 	 	 	 	 	 	 	 	 	 	0	1	1	1	1	1	1	1	2	2	0	0	0	0	0	1	1	1	1	1	1	1	1	1	1	1	1	1
4	39	81288G	20	0	0	 	 	 	 	 	 	 	 	 	 	 	 	 	 	0	1	1	1	1	1	1	1	1	1	0	0	0	0	0	0	1	1	1	1	2	1	1	1	1	1	1	1
4	39	81292L	4	 	 	 	 	 	 	 	 	 	 	 	 	 	 	 	 	 	1	1	1	1	1	1	1	1	1	0	0	0	0	0	0	1	1	1	1	2	1	1	2	1	2	1	1
4	39	81293M	28	0	0	 	 	 	 	 	 	 	 	 	 	 	 	 	 	0	1	1	1	1	1	1	1	2	1	0	0	0	0	0	0	1	1	1	1	1	1	1	1	1	1	2	1
4	39	82215P	4	0	0	 	 	 	 	 	 	 	 	 	 	 	 	 	 	0	0	0	 	0	0	0	0	0	0	0	0	0	0	0	0	0	0	0	0	0	0	0	0	0	0	0	0
4	39	82216Q	4	 	 	 	 	 	 	 	 	 	 	 	 	 	 	 	 	0	1	1	1	1	1	1	1	1	1	0	0	0	0	0	0	3	1	1	1	1	1	1	1	1	2	1	2
4	39	82218S	4	 	 	 	 	 	 	 	 	 	 	 	 	 	 	 	 	0	1	1	1	1	1	1	1	1	1	0	0	0	0	0	0	1	1	1	1	1	1	1	2	1	1	1	2
4	39	82219T	5	0	0	 	 	 	 	 	 	 	 	 	 	 	 	 	 	0	1	1	1	1	1	1	1	1	1	0	0	0	0	0	0	1	1	1	2	2	1	2	2	2	1	2	2
4	39	82220V	12	0	0	 	 	 	 	 	 	 	 	 	 	 	 	 	 	0	0	0	 	0	0	0	0	0	0	0	0	0	0	0	0	0	0	0	0	0	0	0	0	0	0	0	0
4	39	82221W	12	0	0	 	 	 	 	 	 	 	 	 	 	 	 	 	 	0	1	1	1	1	1	1	1	1	1	0	0	0	0	0	0	1	1	1	1	1	1	1	1	1	1	1	2
4	39	82222X	12	0	0	 	 	 	 	 	 	 	 	 	 	 	 	 	 	0	1	1	1	1	1	1	1	2	2	0	0	0	0	0	0	3	1	1	1	1	1	1	1	1	1	1	1
4	39	82223Y	12	0	0	 	 	 	 	 	 	 	 	 	 	 	 	 	 	0	0	0	 	0	0	0	0	0	0	0	0	0	0	0	0	0	0	0	0	0	0	0	0	0	0	0	0
4	39	82226B	20	0	0	 	 	 	 	 	 	 	 	 	 	 	 	 	 	0	0	0	 	0	0	0	0	0	0	0	0	0	0	0	0	0	0	0	0	0	0	0	0	0	0	0	0
4	39	82227C	20	0	0	 	 	 	 	 	 	 	 	 	 	 	 	 	 	0	0	0	 	0	0	0	0	0	0	0	0	0	0	0	0	0	0	0	0	0	0	0	0	0	0	0	0
4	39	82228D	21	0	0	 	 	 	 	 	 	 	 	 	 	 	 	 	 	0	0	0	 	0	0	0	0	0	0	0	0	0	0	0	0	0	0	0	0	0	0	0	0	0	0	0	0
4	39	82229E	21	0	0	 	 	 	 	 	 	 	 	 	 	 	 	 	 	0	1	1	3	3	2	2	1	1	1	0	0	0	0	0	0	3	1	1	2	1	2	2	2	2	1	2	1
4	39	82230F	28	 	 	 	 	 	 	 	 	 	 	 	 	 	 	 	 	0	1	1	1	1	1	1	1	2	1	0	0	0	0	0	0	3	1	1	1	1	2	1	1	1	1	2	3
4	39	82231G	29	0	0	 	 	 	 	 	 	 	 	 	 	 	 	 	 	0	1	0	1	 	1	 	 	1	 	0	 	0	 	0	 	1	 	1	1	1	 	1	 	1	 	 	9
4	39	82232H	29	0	0	 	 	 	 	 	 	 	 	 	 	 	 	 	 	0	1	1	1	1	1	1	1	1	2	0	0	0	0	0	0	1	1	1	1	1	1	1	1	1	1	1	1
4	39	82233J	37	0	0	 	 	 	 	 	 	 	 	 	 	 	 	 	 	0	1	1	1	1	2	2	1	2	2	0	0	0	0	0	0	3	1	1	1	1	1	1	1	1	1	2	2
4	39	82234K	37	0	0	 	 	 	 	 	 	 	 	 	 	 	 	 	 	0	1	0	1	 	1	 	 	1	 	0	 	0	 	0	 	1	 	1	 	1	 	1	 	1	 	9	9
4	39	82235L	37	0	0	0	0	 	 	 	 	 	 	 	 	 	 	 	 	0	1	1	1	1	1	1	1	2	2	0	0	0	0	0	0	1	1	1	1	1	1	1	1	1	1	1	1
4	39	82236M	37	0	0	 	 	 	 	 	 	 	 	 	 	 	 	 	 	0	1	1	1	1	1	1	1	1	1	0	0	0	0	0	0	3	1	1	1	1	1	1	1	1	1	1	1
4	39	82237N	45	0	0	 	 	 	 	 	 	 	 	 	 	 	 	 	 	0	0	0	 	 	0	0	0	0	0	0	0	0	0	0	0	0	0	0	0	0	0	0	0	0	0	0	0
4	39	82238P	45	0	0	 	 	 	 	 	 	 	 	 	 	 	 	 	 	0	1	1	1	1	1	1	1	1	1	0	0	0	0	0	0	1	1	1	1	1	1	1	1	1	1	1	1
4	39	82239Q	45	0	0	 	 	 	 	 	 	 	 	 	 	 	 	 	 	0	1	0	1	0	2	0	 	2	0	0	 	0	 	1	 	1	 	1	 	1	 	2	 	1	 	 	 
4	39	82240R	45	0	0	 	 	 	 	 	 	 	 	 	 	 	 	 	 	0	0	0	 	0	0	0	0	0	0	0	0	0	0	0	0	0	0	0	0	0	0	0	0	0	0	0	0
4	39	82241S	52	0	0	 	 	 	 	 	 	 	 	 	 	 	 	 	 	0	0	0	 	0	0	0	0	0	0	0	0	0	0	0	0	0	0	0	0	0	0	0	0	0	0	0	0
4	39	82242T	52	1	0	0	 	1	 	3	 	1	 	2	 	1	 	1	 	0	0	0	 	0	0	0	0	0	0	0	0	0	0	0	0	0	0	0	0	0	0	0	0	0	0	0	0
4	39	82243V	60	0	0	 	 	 	 	 	 	 	 	 	 	 	 	 	 	0	1	1	1	1	1	1	1	2	2	0	0	0	0	0	0	3	1	1	1	1	1	1	1	1	1	1	2
4	39	82244W	60	0	0	 	 	 	 	 	 	 	 	 	 	 	 	 	 	0	1	1	1	1	1	1	1	1	1	0	0	0	0	0	0	3	1	1	2	1	1	1	2	1	1	1	2
4	39	82245X	60	0	0	 	 	 	 	 	 	 	 	 	 	 	 	 	 	0	0	1	 	1	 	1	 	 	1	 	0	 	0	 	0	 	1	1	1	 	1	 	1	 	1	9	9
4	39	82246Y	60	0	0	 	 	 	 	 	 	 	 	 	 	 	 	 	 	0	0	0	 	0	0	0	0	0	0	0	0	0	0	0	0	0	0	0	0	0	0	0	0	0	0	0	0
4	39	82247Z	61	0	0	 	 	 	 	 	 	 	 	 	 	 	 	 	 	0	0	0	 	0	0	0	0	0	0	0	0	0	0	0	0	0	0	0	0	0	0	0	0	0	0	0	0
4	39	82248A	61	0	0	 	 	 	 	 	 	 	 	 	 	 	 	 	 	0	 	0	1	 	1	 	 	1	 	0	 	0	 	0	 	1	 	1	2	1	 	1	 	1	 	9	9
4	39	82249B	61	0	0	 	 	 	 	 	 	 	 	 	 	 	 	 	 	0	1	1	1	 	1	 	 	1	 	0	 	0	 	0	 	1	 	1	 	1	 	1	 	1	 	9	9
4	39	82250C	61	0	0	 	 	 	 	 	 	 	 	 	 	 	 	 	 	0	1	1	1	1	2	2	1	1	1	0	0	0	0	0	0	1	1	1	2	2	2	2	2	2	2	2	2
4	39	82251D	69	0	0	 	 	 	 	 	 	 	 	 	 	 	 	 	 	0	0	0	 	0	0	0	0	0	0	0	0	0	0	0	0	0	0	0	0	0	0	0	0	0	0	0	0
4	39	82252E	69	0	0	 	 	 	 	 	 	 	 	 	 	 	 	 	 	1	0	0	 	0	0	0	0	0	0	0	0	0	0	0	0	0	0	0	0	0	0	0	0	0	0	0	0
4	39	82253F	76	0	0	 	 	 	 	 	 	 	 	 	 	 	 	 	 	0	0	0	 	0	0	0	0	0	0	0	0	0	0	0	0	0	0	0	0	0	0	0	0	0	0	0	0
4	39	82254G	77	0	0	 	 	 	 	 	 	 	 	 	 	 	 	 	 	0	1	1	1	1	1	1	1	2	2	0	0	0	0	0	0	3	1	1	2	1	1	1	1	1	1	2	2
4	39	82255H	77	0	0	 	 	 	 	 	 	 	 	 	 	 	 	 	 	0	1	1	1	1	1	1	1	2	2	0	0	0	0	0	0	3	1	1	2	1	1	1	2	1	1	1	2
4	39	82256J	77	0	0	 	 	 	 	 	 	 	 	 	 	 	 	 	 	0	1	1	1	1	1	1	1	1	1	0	0	0	0	0	0	1	1	1	1	1	1	1	1	1	1	1	1
4	39	82257K	77	0	0	 	 	 	 	 	 	 	 	 	 	 	 	 	 	0	0	0	 	0	0	0	0	0	0	0	0	0	0	0	0	0	0	0	0	0	0	0	0	0	0	0	0
4	39	82258L	77	0	0	 	 	 	 	 	 	 	 	 	 	 	 	 	 	0	1	0	1	 	1	 	 	2	 	0	 	0	 	0	 	3	 	1	 	1	 	1	 	1	 	0	0
4	39	82259M	77	0	0	 	 	 	 	 	 	 	 	 	 	 	 	 	 	0	1	1	1	1	1	1	1	2	2	0	0	0	0	0	0	1	1	1	2	1	1	1	2	1	1	1	2
4	39	82260N	77	0	0	 	 	 	 	 	 	 	 	 	 	 	 	 	 	1	1	 	1	 	2	 	 	1	 	0	0	0	0	0	0	3	 	1	 	2	 	2	 	1	 	1	1
4	39	82261P	13	0	0	 	 	 	 	 	 	 	 	 	 	 	 	 	 	0	1	0	1	 	1	 	 	2	 	1	 	0	 	0	 	1	 	1	 	2	 	2	 	1	 	1	1
4	39	82263R	21	0	0	 	 	 	 	 	 	 	 	 	 	 	 	 	 	1	0	0	 	0	0	0	0	0	0	0	0	0	0	0	0	0	0	0	0	0	0	0	0	0	0	0	0
4	39	82265T	21	0	1	0	1	 	1	 	2	 	1	 	3	 	1	 	1	0	1	0	1	 	2	 	1	1	 	0	 	0	 	0	 	1	 	1	 	1	 	1	 	1	 	 	0
4	39	82266V	36	0	0	 	 	 	 	 	 	 	 	 	 	 	 	 	 	0	1	1	1	1	1	1	1	1	1	0	0	0	0	0	0	1	1	2	2	1	1	1	2	1	1	1	1
4	39	82267W	36	0	0	 	 	 	 	 	 	 	 	 	 	 	 	 	 	0	1	1	1	1	2	2	1	1	1	0	0	1	0	0	0	3	1	1	1	1	1	1	1	1	1	1	1
4	39	82268X	77	0	0	 	 	 	 	 	 	 	 	 	 	 	 	 	 	0	0	0	 	0	0	0	0	0	0	0	0	0	0	0	0	0	0	0	0	0	0	0	0	0	0	0	0
4	39	82269Y	13	0	0	 	 	 	 	 	 	 	 	 	 	 	 	 	 	0	1	1	1	1	1	1	1	1	1	0	0	0	0	0	0	1	1	1	1	1	1	1	2	1	1	1	1
4	39	82270Z	13	0	0	 	 	 	 	 	 	 	 	 	 	 	 	 	 	0	1	1	1	1	1	1	1	2	1	0	0	0	0	0	0	1	1	1	1	1	1	1	2	1	2	1	2
4	39	82271A	13	0	0	 	 	 	 	 	 	 	 	 	 	 	 	 	 	9	1	1	2	1	1	1	1	1	1	0	0	0	0	0	0	1	1	1	2	1	1	1	1	1	1	1	2
4	39	82272B	21	0	0	 	 	 	 	 	 	 	 	 	 	 	 	 	 	0	1	1	1	1	1	1	1	1	1	0	0	0	0	0	0	1	1	1	2	1	2	1	2	1	1	1	1
4	39	82273C	21	0	0	 	 	 	 	 	 	 	 	 	 	 	 	 	 	0	1	1	1	1	1	1	1	2	2	0	0	0	0	0	0	1	1	1	2	1	1	1	1	1	1	1	1
4	39	82274D	44	 	 	 	 	 	 	 	 	 	 	 	 	 	 	 	 	1	 	0	0	0	0	0	0	0	0	0	0	0	0	0	0	0	0	0	0	0	0	0	0	0	0	0	0
4	39	82275E	77	0	0	 	 	 	 	 	 	 	 	 	 	 	 	 	 	0	1	1	1	1	1	1	1	2	2	0	0	0	0	0	0	1	1	1	2	2	2	1	2	1	1	1	1
4	39	82290W	68	0	0	 	 	 	 	 	 	 	 	 	 	 	 	 	 	0	1	1	1	1	1	1	1	2	2	0	0	0	0	0	0	1	1	1	1	1	1	1	1	1	1	1	1
4	39	82291X	68	 	0	0	0	0	0	0	0	0	0	0	0	0	0	0	0	0	0	0	0	0	0	0	0	0	0	0	0	0	0	0	0	0	0	0	0	0	0	0	0	0	0	0	0
