wave	rownum	serial	area	lr8dist	lr8mes	lr7dist	lr7mes	lr6dist	lr6mes	lr5dist	lr5mes	lr4dist	lr4mes	lr3dist	lr3mes	lr2dist	lr2mes	lr1dist	lr1mes	ll1mes	ll1dist	ll2mes	ll2dist	ll3mes	ll3dist	ll4mes	ll4dist	ll5mes	ll5dist	ll6mes	ll6dist	ll7mes	ll7dist	ll8mes	ll8dist
1	37	51001L	1	 	0	0	0	0	0	0	0	0	0	0	0	0	0	0	0	0	0	0	0	0	0	0	0	0	0	0	0	0	0	0	0
1	37	51002M	1	0	0	-	-	-	-	-	-	0	0	0	0	0	0	0	2	-	-	0	0	2	0	-	-	-	-	-	-	-	-	-	-
1	37	51003N	1	 	0	0	0	0	0	0	0	0	0	0	0	0	0	0	0	0	0	0	0	0	0	0	0	0	0	0	0	0	0	0	0
1	37	51005Q	1	 	0	0	0	0	0	0	0	0	0	0	0	0	0	0	0	0	0	0	0	0	0	0	0	0	0	0	0	0	0	0	0
1	37	51006R	1	-	-	-	-	-	-	-	-	-	-	0	0	0	0	0	0	0	0	0	0	0	0	-	-	-	-	-	-	-	-	-	-
1	37	51007S	1	-	-	-	-	0	0	0	0	1	0	0	0	1	1	1	1	0	0	0	0	0	0	-	-	-	-	-	-	1	1	-	-
1	37	51008T	1	 	0	0	0	0	0	0	0	0	0	0	0	0	0	0	0	0	0	0	0	0	0	0	0	0	0	0	0	0	0	0	0
1	37	51009V	1	-	-	-	-	-	-	2	2	3	3	2	3	-	-	-	-	-	-	-	-	2	2	2	2	-	-	-	-	-	-	-	-
1	37	51010W	1	-	-	1	1	-	-	0	0	0	0	0	0	1	1	9	9	1	1	2	1	1	0	-	-	0	1	0	0	1	0	-	-
1	37	51013Z	8	 	0	0	0	0	0	0	0	0	0	0	0	0	0	0	0	0	0	0	0	0	0	0	0	0	0	0	0	0	0	0	0
1	37	51014A	8	 	0	0	0	0	0	0	0	0	0	0	0	0	0	0	0	0	0	0	0	0	0	0	0	0	0	0	0	0	0	0	0
1	37	51015B	8	 	0	0	0	0	0	0	0	0	0	0	0	0	0	0	0	0	0	0	0	0	0	0	0	0	0	0	0	0	0	0	0
1	37	51016C	8	 	0	0	0	0	0	0	0	0	0	0	0	0	0	0	0	0	0	0	0	0	0	0	0	0	0	0	0	0	0	0	0
1	37	51017D	8	 	0	0	0	0	0	0	0	0	0	0	0	0	0	0	0	0	0	0	0	0	0	0	0	0	0	0	0	0	0	0	0
1	37	51018E	8	 	0	0	0	0	0	0	0	0	0	0	0	0	0	0	0	0	0	0	0	0	0	0	0	0	0	0	0	0	0	0	0
1	37	51020G	9	 	0	0	0	0	0	0	0	0	0	0	0	0	0	0	0	0	0	0	0	0	0	0	0	0	0	0	0	0	0	0	0
1	37	51021H	9	 	0	0	0	0	0	0	0	0	0	0	0	0	0	0	0	0	0	0	0	0	0	0	0	0	0	0	0	0	0	0	0
1	37	51023K	9	-	-	0	0	-	-	1	1	1	1	1	1	1	1	1	1	1	2	1	1	1	1	-	-	-	-	-	-	0	0	0	0
1	37	51024L	9	 	0	0	0	0	0	0	0	0	0	0	0	0	0	0	0	0	0	0	0	0	0	0	0	0	0	0	0	0	0	0	0
1	37	51025M	9	 	0	0	0	0	0	0	0	0	0	0	0	0	0	0	0	0	0	0	0	0	0	0	0	0	0	0	0	0	0	0	0
1	37	51026N	9	0	0	-	-	-	-	-	-	1	0	0	0	1	0	0	0	1	1	0	0	0	0	0	1	1	1	1	1	-	-	0	0
1	37	51027P	9	-	-	-	-	-	-	-	-	0	0	0	0	1	1	0	0	1	0	1	1	0	1	0	1	-	-	-	-	-	-	-	-
1	37	51028Q	9	 	0	0	0	0	0	0	0	0	0	0	0	0	0	0	0	0	0	0	0	0	0	0	0	0	0	0	0	0	0	0	0
1	37	51029R	16	-	-	-	-	-	-	-	-	-	-	1	0	1	1	1	0	1	1	1	2	0	0	-	-	1	0	-	-	-	-	-	-
1	37	51030S	16	 	0	0	0	0	0	0	0	0	0	0	0	0	0	0	0	0	0	0	0	0	0	0	0	0	0	0	0	0	0	0	0
1	37	51031T	16	 	0	0	0	0	0	0	0	0	0	0	0	0	0	0	0	0	0	0	0	0	0	0	0	0	0	0	0	0	0	0	0
1	37	51034X	16	 	0	0	0	0	0	0	0	0	0	0	0	0	0	0	0	0	0	0	0	0	0	0	0	0	0	0	0	0	0	0	0
1	37	51035Y	16	-	-	-	-	0	2	-	-	3	3	1	1	1	1	3	4	3	3	2	2	1	1	1	1	1	1	-	-	-	-	4	2
1	37	51036Z	16	0	0	-	-	-	-	-	-	-	-	0	0	0	0	0	0	0	0	0	0	0	1	1	1	-	-	-	-	-	-	-	-
1	37	51037A	16	-	-	2	2	2	2	2	2	2	2	2	2	2	2	2	2	2	2	3	3	3	3	2	3	3	4	-	-	4	3	3	4
1	37	51038B	16	 	0	0	0	0	0	0	0	0	0	0	0	0	0	0	0	0	0	0	0	0	0	0	0	0	0	0	0	0	0	0	0
1	37	51039C	16	 	0	0	0	0	0	0	0	0	0	0	0	0	0	0	0	0	0	0	0	0	0	0	0	0	0	0	0	0	0	0	0
1	37	51040D	17	 	0	0	0	0	0	0	0	0	0	0	0	0	0	0	0	0	0	0	0	0	0	0	0	0	0	0	0	0	0	0	0
1	37	51041E	17	 	0	0	0	0	0	0	0	0	0	0	0	0	0	0	0	0	0	0	0	0	0	0	0	0	0	0	0	0	0	0	0
1	37	51042F	17	-	-	1	1	-	-	2	2	1	2	1	1	1	2	-	-	2	2	2	2	2	2	-	-	-	-	-	-	-	-	-	-
1	37	51043G	17	 	0	0	0	0	0	0	0	0	0	0	0	0	0	0	0	0	0	0	0	0	0	0	0	0	0	0	0	0	0	0	0
1	37	51044H	17	 	0	0	0	0	0	0	0	0	0	0	0	0	0	0	0	0	0	0	0	0	0	0	0	0	0	0	0	0	0	0	0
1	37	51045J	17	-	-	-	-	-	-	-	-	1	1	1	1	1	1	1	2	1	1	1	1	1	1	2	1	2	2	-	-	-	-	-	-
1	37	51046K	17	-	-	-	-	-	-	0	1	1	1	1	2	-	-	-	-	-	-	-	-	1	0	1	1	1	1	-	-	-	-	-	-
1	37	51047L	17	-	-	-	-	-	-	-	-	-	-	9	9	-	-	-	-	-	-	-	-	9	9	-	-	-	-	-	-	9	9	-	-
1	37	51049N	17	 	0	0	0	0	0	0	0	0	0	0	0	0	0	0	0	0	0	0	0	0	0	0	0	0	0	0	0	0	0	0	0
1	37	51050P	17	1	2	-	-	-	-	-	-	1	1	1	1	1	1	1	1	1	1	1	1	1	1	1	1	-	-	-	-	3	2	-	-
1	37	51051Q	24	 	 	0	0	0	0	0	0	0	0	0	0	0	0	0	0	0	0	0	0	0	0	0	0	0	0	0	0	0	0	0	0
1	37	51052R	24	-	-	2	2	-	-	-	-	2	2	0	0	1	0	0	0	0	0	0	1	0	0	-	-	-	-	-	-	0	9	-	-
1	37	51053S	24	 	 	0	0	0	0	0	0	0	0	0	0	0	0	0	0	0	0	0	0	0	0	0	0	0	0	0	0	0	0	0	0
1	37	51054T	24	 	 	0	0	0	0	0	0	0	0	0	0	0	0	0	0	0	0	0	0	0	0	0	0	0	0	0	0	0	0	0	0
1	37	51055V	24	 	0	0	0	0	0	0	0	0	0	0	0	0	0	0	0	0	0	0	0	0	0	0	0	0	0	0	0	0	0	0	0
1	37	51056W	24	-	-	-	-	-	-	-	-	-	-	0	0	0	0	1	2	2	1	1	1	-	-	-	-	-	-	-	-	-	-	-	-
1	37	51057X	24	1	1	1	1	1	1	-	-	0	0	0	0	0	0	0	0	0	0	1	0	1	0	0	0	-	-	-	-	1	2	1	2
1	37	51058Y	25	-	-	-	-	-	-	-	-	1	1	1	1	1	1	1	0	0	0	1	1	0	0	1	0	2	2	-	-	-	-	-	-
1	37	51059Z	25	-	-	-	-	0	1	0	0	1	1	0	0	0	0	0	0	0	0	0	0	0	0	0	0	0	0	1	1	1	1	-	-
1	37	51060A	25	-	-	-	-	-	-	-	-	2	1	1	2	2	3	-	-	-	-	-	-	1	1	-	-	-	-	-	-	-	-	-	-
1	37	51061B	25	-	-	-	-	-	-	-	-	0	0	2	2	2	3	-	-	3	3	3	3	2	2	2	2	-	-	-	-	-	-	-	-
1	37	51062C	25	 	0	0	0	0	0	0	0	0	0	0	0	0	0	0	0	0	0	0	0	0	0	0	0	0	0	0	0	0	0	0	0
1	37	51064E	25	-	-	-	-	-	-	-	-	-	-	1	2	2	2	-	-	-	-	2	2	2	3	-	-	2	1	-	-	-	-	-	-
1	37	51065F	25	-	-	1	1	0	1	0	1	1	1	0	0	0	1	1	0	0	1	1	0	1	1	1	1	-	-	-	-	1	1	1	1
1	37	51066G	25	1	1	-	-	-	-	1	1	-	-	-	-	1	1	1	1	1	0	-	-	0	0	1	1	-	-	-	-	-	-	-	-
1	37	51067H	25	 	 	0	0	0	0	0	0	0	0	0	0	0	0	0	0	0	0	0	0	0	0	0	0	0	0	0	0	0	0	0	0
1	37	51068J	25	-	-	0	0	-	-	-	-	0	0	0	0	0	0	0	0	0	0	0	0	0	0	0	0	0	0	-	-	-	-	-	-
1	37	51070L	32	 	 	 	 	 	 	 	 	 	 	 	 	 	 	 	 	 	 	 	 	1	1	 	0	0	0	0	0	0	0	0	0
1	37	51071M	32	 	0	0	0	0	0	0	0	0	0	0	0	0	0	0	0	0	0	0	0	0	0	0	0	0	0	0	0	0	0	0	0
1	37	51072N	32	-	-	-	-	1	1	1	1	1	1	1	0	0	0	0	0	0	0	0	0	0	0	0	0	0	0	0	0	-	-	-	-
1	37	51073P	32	-	-	1	2	1	1	1	1	0	1	1	1	1	1	1	0	1	1	1	1	1	1	1	1	-	-	-	-	1	1	-	-
1	37	51074Q	32	 	0	0	0	0	0	0	0	0	0	0	0	0	0	0	0	0	0	0	0	0	0	0	0	0	0	0	0	0	0	0	0
1	37	51075R	32	-	-	-	-	1	1	1	1	1	0	0	0	1	1	0	0	0	0	1	1	0	0	1	0	1	1	-	-	-	-	-	-
1	37	51076S	32	-	-	1	1	0	1	0	0	1	0	0	0	0	0	0	0	0	0	0	0	0	0	0	1	0	0	1	0	1	1	-	-
1	37	51077T	32	 	0	0	0	0	0	0	0	0	0	0	0	0	0	0	0	0	0	0	0	0	0	0	0	0	0	0	0	0	0	0	0
1	37	51078V	32	-	-	0	1	-	-	1	1	1	0	1	0	0	0	0	0	0	0	0	0	0	0	1	0	0	1	-	-	1	1	-	-
1	37	51079W	32	 	0	0	0	0	0	0	0	0	0	0	0	0	0	0	0	0	0	0	0	0	0	0	0	0	0	0	0	0	0	0	0
1	37	51080X	32	-	-	-	-	-	-	2	2	2	2	1	1	1	1	1	1	1	1	0	1	1	1	2	2	1	2	-	-	-	-	-	-
1	37	51081Y	33	0	0	0	1	-	-	0	0	0	0	0	0	0	1	0	1	0	0	0	0	0	0	0	0	0	0	-	-	0	0	0	1
1	37	51082Z	33	 	0	0	0	0	0	0	0	0	0	0	0	0	0	0	0	0	0	0	0	0	0	0	0	0	0	0	0	0	0	0	0
1	37	51083A	33	 	0	0	0	0	0	0	0	0	0	0	0	0	0	0	0	0	0	0	0	0	0	0	0	0	0	0	0	0	0	0	0
1	37	51084B	33	-	-	1	1	-	-	-	-	-	-	-	-	-	-	-	-	-	-	-	-	-	-	-	-	-	-	-	-	-	-	-	-
1	37	51087E	33	-	-	-	-	-	-	-	-	-	-	1	1	2	1	1	1	1	1	1	2	1	1	-	-	-	-	-	-	-	-	-	-
1	37	51088F	33	-	-	0	0	-	-	-	-	1	1	1	1	1	1	1	2	2	2	2	2	1	1	0	1	-	-	-	-	0	1	-	-
1	37	51089G	33	 	0	0	0	0	0	0	0	0	0	0	0	0	0	0	0	0	0	0	0	0	0	0	0	0	0	0	0	0	0	0	0
1	37	51090H	33	-	-	-	-	-	-	1	1	0	1	1	2	1	3	1	2	1	1	2	2	2	2	-	-	1	1	-	-	0	0	-	-
1	37	51091J	33	-	-	-	-	-	-	-	-	1	1	1	1	0	1	1	1	1	1	0	0	1	0	1	1	-	-	-	-	0	0	-	-
1	37	51092K	33	 	0	0	0	0	0	0	0	0	0	0	0	0	0	0	0	0	0	0	0	0	0	0	0	0	0	0	0	0	0	0	0
1	37	51093L	40	 	0	0	0	0	0	0	0	0	0	0	0	0	0	0	0	0	0	0	0	0	0	0	0	0	0	0	0	0	0	0	0
1	37	51094M	40	-	-	-	-	-	-	-	-	-	-	1	1	-	-	-	-	-	-	-	-	1	1	-	-	-	-	-	-	-	-	-	-
1	37	51095N	40	 	0	0	0	0	0	0	0	0	0	0	0	0	0	0	0	0	0	0	0	0	0	0	0	0	0	0	0	0	0	0	0
1	37	51096P	40	-	-	1	2	-	-	2	1	0	0	0	1	0	0	0	0	0	1	0	1	0	0	1	1	1	2	-	-	-	-	2	2
1	37	51097Q	40	-	-	0	0	-	-	0	0	0	0	0	0	0	0	0	0	0	0	0	0	0	0	0	0	0	0	-	-	1	1	-	-
1	37	51098R	40	1	1	1	1	-	-	-	-	-	-	1	1	1	0	-	-	0	0	0	0	1	1	1	1	1	1	-	-	-	-	1	2
1	37	51099S	40	 	0	0	0	0	0	0	0	0	0	0	0	0	0	0	0	0	0	0	0	0	0	0	0	0	0	0	0	0	0	0	0
1	37	51100T	40	 	 	 	 	 	 	 	 	 	 	 	 	 	 	 	 	-	-	-	-	-	-	-	-	-	-	-	-	0	1	-	-
1	37	51101V	40	0	1	-	-	1	1	-	-	1	0	0	0	0	0	0	0	0	0	1	0	0	0	1	1	0	0	0	0	-	-	1	0
1	37	51102W	40	-	-	-	-	1	1	1	0	0	0	0	0	0	0	0	0	0	0	0	0	0	0	1	1	-	-	-	-	-	-	-	-
1	37	51103X	41	 	0	0	0	0	0	0	0	0	0	0	0	0	0	0	0	0	0	0	0	0	0	0	0	0	0	0	0	0	0	0	0
1	37	51104Y	41	 	0	0	0	0	0	0	0	0	0	0	0	0	0	0	0	0	0	0	0	0	0	0	0	0	0	0	0	0	0	0	0
1	37	51105Z	41	 	0	0	0	0	0	0	0	0	0	0	0	0	0	0	0	0	0	0	0	0	0	0	0	0	0	0	0	0	0	0	0
1	37	51107B	41	-	-	0	0	0	0	0	1	1	1	1	2	1	2	-	-	-	-	-	-	0	2	-	-	0	0	0	1	0	1	-	-
1	37	51108C	41	1	2	-	-	0	1	0	0	0	0	0	0	1	1	0	1	0	1	0	0	0	1	1	1	0	3	-	-	-	-	0	0
1	37	51109D	41	-	-	1	1	-	-	-	-	0	0	1	1	1	1	0	1	0	1	0	1	0	0	0	1	-	-	-	-	1	1	-	-
1	37	51110E	41	-	-	-	-	-	-	-	-	-	-	0	2	0	1	0	2	0	2	0	2	0	2	-	-	-	-	-	-	-	-	-	-
1	37	51111F	41	-	-	-	-	0	0	-	-	0	0	0	0	0	0	0	0	0	0	0	0	0	0	0	0	0	1	-	-	0	1	-	-
1	37	51112G	41	 	0	0	0	0	0	0	0	0	0	0	0	0	0	0	0	0	0	0	0	0	0	0	0	0	0	0	0	0	0	0	0
1	37	51113H	48	 	0	0	0	0	0	0	0	0	0	0	0	0	0	0	0	0	0	0	0	0	0	0	0	0	0	0	0	0	0	0	0
1	37	51114J	48	-	-	1	1	-	-	1	0	0	1	0	0	1	0	0	1	0	0	0	0	1	1	0	0	0	0	-	-	-	-	1	1
1	37	51115K	48	-	-	-	-	-	-	-	-	2	1	0	0	0	0	0	0	0	1	0	0	1	1	-	-	-	-	-	-	-	-	-	-
1	37	51116L	48	-	-	-	-	-	-	1	1	1	0	0	0	1	1	1	1	9	1	0	1	0	0	1	1	0	1	-	-	-	-	-	-
1	37	51117M	48	 	0	0	0	0	0	0	0	0	0	0	0	0	0	0	0	0	0	0	0	0	0	0	0	0	0	0	0	0	0	0	0
1	37	51118N	48	-	-	2	2	-	-	-	-	2	1	1	1	0	0	0	0	0	1	0	0	0	0	1	2	2	2	-	-	2	2	-	-
1	37	51119P	48	-	-	-	-	-	-	2	2	2	2	1	1	1	1	1	1	1	1	1	1	1	1	2	2	2	2	-	-	-	-	-	-
1	37	51120Q	48	-	-	-	-	-	-	1	1	1	1	1	1	1	1	1	1	1	1	1	1	1	2	-	-	-	-	-	-	-	-	-	-
1	37	51121R	48	 	0	0	0	0	0	0	0	0	0	0	0	0	0	0	0	0	0	0	0	0	0	0	0	0	0	0	0	0	0	0	0
1	37	51122S	49	 	0	0	0	0	0	0	0	0	0	0	0	0	0	0	0	0	0	0	0	0	0	0	0	0	0	0	0	0	0	0	0
1	37	51123T	49	 	0	0	0	0	0	0	0	0	0	0	0	0	0	0	0	0	0	0	0	0	0	0	0	0	0	0	0	0	0	0	0
1	37	51125W	49	 	0	0	0	0	0	0	0	0	0	0	0	0	0	0	0	0	0	0	0	0	0	0	0	0	0	0	0	0	0	0	0
1	37	51127Y	49	 	0	0	0	0	0	0	0	0	0	0	0	0	0	0	0	0	0	0	0	0	0	0	0	0	0	0	0	0	0	0	0
1	37	51128Z	49	1	1	-	-	-	-	-	-	-	-	-	-	-	-	-	-	-	-	-	-	-	-	-	-	-	-	-	-	-	-	2	2
1	37	51129A	49	 	0	0	0	0	0	0	0	0	0	0	0	0	0	0	0	0	0	0	0	0	0	0	0	0	0	0	0	0	0	0	0
1	37	51130B	49	 	0	0	0	0	0	0	0	0	0	0	0	0	0	0	0	0	0	0	0	0	0	0	0	0	0	0	0	0	0	0	0
1	37	51131C	49	 	0	0	0	0	0	0	0	0	0	0	0	0	0	0	0	0	0	0	0	0	0	0	0	0	0	0	0	0	0	0	0
1	37	51132D	49	 	0	0	0	0	0	0	0	0	0	0	0	0	0	0	0	0	0	0	0	0	0	0	0	0	0	0	0	0	0	0	0
1	37	51133E	49	-	-	-	-	-	-	-	-	-	-	0	0	0	0	1	1	1	1	0	0	0	0	-	-	-	-	-	-	-	-	-	-
1	37	51134F	56	-	-	-	-	-	-	-	-	-	-	1	1	1	1	1	1	1	1	1	1	1	1	-	-	-	-	-	-	-	-	-	-
1	37	51135G	56	 	0	0	0	0	0	0	0	0	0	0	0	0	0	0	0	0	0	0	0	0	0	0	0	0	0	0	0	0	0	0	0
1	37	51136H	56	 	0	0	0	0	0	0	0	0	0	0	0	0	0	0	0	0	0	0	0	0	0	0	0	0	0	0	0	0	0	0	0
1	37	51137J	56	 	0	0	0	0	0	0	0	0	0	0	0	0	0	0	0	0	0	0	0	0	0	0	0	0	0	0	0	0	0	0	0
1	37	51138K	56	 	0	0	0	0	0	0	0	0	0	0	0	0	0	0	0	0	0	0	0	0	0	0	0	0	0	0	0	0	0	0	0
1	37	51139L	56	1	1	1	1	2	2	2	2	1	1	1	1	1	1	1	1	1	1	1	1	2	1	1	1	1	0	-	-	2	2	2	2
1	37	51141N	57	 	0	0	0	0	0	0	0	0	0	0	0	0	0	0	0	0	0	0	0	0	0	0	0	0	0	0	0	0	0	0	0
1	37	51142P	57	 	0	0	0	0	0	0	0	0	0	0	0	0	0	0	0	0	0	0	0	0	0	0	0	0	0	0	0	0	0	0	0
1	37	51143Q	57	 	0	0	0	0	0	0	0	0	0	0	0	0	0	0	0	0	0	0	0	0	0	0	0	0	0	0	0	0	0	0	0
1	37	51144R	57	-	-	-	-	-	-	1	1	-	-	1	0	0	1	1	0	0	0	0	1	1	1	-	-	1	1	-	-	-	-	-	-
1	37	51145S	57	 	0	0	0	0	0	0	0	0	0	0	0	0	0	0	0	0	0	0	0	0	0	0	0	0	0	0	0	0	0	0	0
1	37	51146T	57	 	0	0	0	0	0	0	0	0	0	0	0	0	0	0	0	0	0	0	0	0	0	0	0	0	0	0	0	0	0	0	0
1	37	51147V	57	 	0	0	0	0	0	0	0	0	0	0	0	0	0	0	0	0	0	0	0	0	0	0	0	0	0	0	0	0	0	0	0
1	37	51148W	57	 	0	0	0	0	0	0	0	0	0	0	0	0	0	0	0	0	0	0	0	0	0	0	0	0	0	0	0	0	0	0	0
1	37	51149X	57	 	0	0	0	0	0	0	0	0	0	0	0	0	0	0	0	0	0	0	0	0	0	0	0	0	0	0	0	0	0	0	0
1	37	51150Y	57	 	0	0	0	0	0	0	0	0	0	0	0	0	0	0	0	0	0	0	0	0	0	0	0	0	0	0	0	0	0	0	0
1	37	51151Z	57	 	0	0	0	0	0	0	0	0	0	0	0	0	0	0	0	0	0	0	0	0	0	0	0	0	0	0	0	0	0	0	0
1	37	51152A	57	 	0	0	0	0	0	0	0	0	0	0	0	0	0	0	0	0	0	0	0	0	0	0	0	0	0	0	0	0	0	0	0
1	37	51153B	64	 	0	0	0	0	0	0	0	0	0	0	0	0	0	0	0	0	0	0	0	0	0	0	0	0	0	0	0	0	0	0	0
1	37	51154C	64	-	-	-	-	-	-	-	-	-	-	1	1	-	-	-	-	-	-	-	-	2	2	2	2	2	3	-	-	-	-	-	-
1	37	51155D	64	 	0	0	0	0	0	0	0	0	0	0	0	0	0	0	0	0	0	0	0	0	0	0	0	0	0	0	0	0	0	0	0
1	37	51156E	64	0	1	-	-	-	-	1	0	0	1	0	0	1	1	0	0	0	0	0	0	0	1	1	1	1	2	-	-	-	-	-	-
1	37	51158G	64	 	0	0	0	0	0	0	0	0	0	0	0	0	0	0	0	0	0	0	0	0	0	0	0	0	0	0	0	0	0	0	0
1	37	51159H	64	 	0	0	0	0	0	0	0	0	0	0	0	0	0	0	0	0	0	0	0	0	0	0	0	0	0	0	0	0	0	0	0
1	37	51160J	64	 	0	0	0	0	0	0	0	0	0	0	0	0	0	0	0	0	0	0	0	0	0	0	0	0	0	0	0	0	0	0	0
1	37	51161K	64	 	0	0	0	0	0	0	0	0	0	0	0	0	0	0	0	0	0	0	0	0	0	0	0	0	0	0	0	0	0	0	0
1	37	51162L	64	2	2	3	3	4	3	-	-	-	-	4	4	-	-	-	-	-	-	-	-	3	4	3	3	3	4	-	-	-	-	-	-
1	37	51163M	64	-	-	-	-	-	-	-	-	-	-	1	1	0	0	0	1	0	0	0	0	1	1	1	1	-	-	-	-	-	-	-	-
1	37	51164N	64	-	-	-	-	1	0	-	-	1	0	-	-	0	0	0	0	0	0	0	0	1	1	0	0	0	1	1	1	-	-	-	-
1	37	51165P	64	9	9	1	1	1	1	-	-	1	1	1	1	1	1	1	1	1	1	1	1	1	0	0	1	-	-	1	1	2	1	1	1
1	37	51166Q	64	-	-	-	-	-	-	-	-	1	1	0	1	1	1	1	1	1	2	2	1	1	1	1	1	-	-	-	-	1	1	-	-
1	37	51167R	64	-	-	0	0	-	-	-	-	0	1	1	1	1	0	0	1	1	1	1	1	1	0	0	0	1	1	-	-	-	-	-	-
1	37	51168S	65	 	0	0	0	0	0	0	0	0	0	0	0	0	0	0	0	0	0	0	0	0	0	0	0	0	0	0	0	0	0	0	0
1	37	51169T	65	-	-	-	-	-	-	-	-	3	3	3	3	2	3	-	-	-	-	-	-	2	2	3	3	-	-	-	-	-	-	-	-
1	37	51170V	65	 	 	0	0	0	0	0	0	0	0	0	0	0	0	0	0	0	0	0	0	0	0	0	0	0	0	0	0	0	0	0	0
1	37	51171W	65	-	-	-	-	-	-	-	-	-	-	1	1	-	-	-	-	-	-	-	-	-	-	-	-	-	-	-	-	-	-	-	-
1	37	51172X	65	 	0	0	0	0	0	0	0	0	0	0	0	0	0	0	0	0	0	0	0	0	0	0	0	0	0	0	0	0	0	0	0
1	37	51173Y	65	 	0	0	0	0	0	0	0	0	0	0	0	0	0	0	0	0	0	0	0	0	0	0	0	0	0	0	0	0	0	0	0
1	37	51174Z	65	-	-	0	0	1	1	1	0	0	0	0	0	1	0	0	0	0	1	1	0	0	0	0	0	0	0	0	0	1	1	-	-
1	37	51175A	65	-	-	-	-	0	0	-	-	1	1	1	1	1	1	1	1	1	1	0	0	1	1	1	1	-	-	-	-	-	-	4	4
1	37	51176B	65	 	0	0	0	0	0	0	0	0	0	0	0	0	0	0	0	0	0	0	0	0	0	0	0	0	0	0	0	0	0	0	0
1	37	51177C	65	-	-	1	1	1	0	0	0	1	0	0	0	0	0	0	0	0	0	0	0	0	0	0	0	0	0	0	1	-	-	-	-
1	37	51178D	65	-	-	1	1	1	1	0	0	-	-	1	1	1	1	-	-	-	-	-	-	1	2	-	-	-	-	-	-	-	-	1	1
1	37	51179E	72	2	1	-	-	-	-	-	-	-	-	1	1	-	-	-	-	-	-	-	-	-	-	-	-	-	-	-	-	-	-	-	-
1	37	51181G	72	1	1	-	-	-	-	-	-	-	-	-	-	-	-	-	-	-	-	-	-	-	-	-	-	-	-	-	-	-	-	-	-
1	37	51182H	72	 	0	0	0	0	0	0	0	0	0	0	0	0	0	0	0	0	0	0	0	0	0	0	0	0	0	0	0	0	0	0	0
1	37	51183J	72	-	-	-	-	-	-	-	-	-	-	3	3	-	-	-	-	-	-	-	-	3	3	-	-	-	-	-	-	-	-	-	-
1	37	51184K	72	-	-	1	1	1	1	1	1	1	0	0	1	1	1	1	1	1	1	1	1	1	1	1	1	1	1	1	1	1	2	1	1
1	37	51185L	72	 	0	0	0	0	0	0	0	0	0	0	0	0	0	0	0	0	0	0	0	0	0	0	0	0	0	0	0	0	0	0	0
1	37	51186M	72	 	0	0	0	0	0	0	0	0	0	0	0	0	0	0	0	0	0	0	0	0	0	0	0	0	0	0	0	0	0	0	0
1	37	51187N	72	-	-	1	0	9	9	0	1	0	0	0	0	0	0	0	0	0	0	0	0	0	1	1	1	0	1	-	-	-	-	-	-
1	37	51188P	72	1	1	1	1	-	-	1	1	1	1	1	0	1	1	1	1	1	1	1	1	1	0	0	1	1	1	1	1	1	1	-	-
1	37	51189Q	72	 	0	0	0	0	0	0	0	0	0	0	0	0	0	0	0	0	0	0	0	0	0	0	0	0	0	0	0	0	0	0	0
1	37	51192T	73	2	2	-	-	-	-	1	1	1	1	3	3	2	2	3	3	3	3	3	3	1	0	1	1	2	2	-	-	-	-	1	1
1	37	51193V	73	 	0	0	0	0	0	0	0	0	0	0	0	0	0	0	0	0	0	0	0	0	0	0	0	0	0	0	0	0	0	0	0
1	37	51194W	73	 	0	0	0	0	0	0	0	0	0	0	0	0	0	0	0	0	0	0	0	0	0	0	0	0	0	0	0	0	0	0	0
1	37	51195X	73	 	0	0	0	0	0	0	0	0	0	0	0	0	0	0	0	0	0	0	0	0	0	0	0	0	0	0	0	0	0	0	0
1	37	51196Y	73	1	1	-	-	-	-	-	-	1	1	0	0	0	1	1	1	1	2	1	1	1	1	0	1	1	1	1	1	-	-	-	-
1	37	51197Z	73	 	0	0	0	0	0	0	0	0	0	0	0	0	0	0	0	0	0	0	0	0	0	0	0	0	0	0	0	0	0	0	0
1	37	51198A	73	-	-	2	1	1	1	0	1	0	0	0	1	1	1	0	1	0	0	0	0	0	0	0	1	1	1	1	1	1	1	1	1
1	37	51199B	73	-	-	-	-	-	-	1	1	1	1	0	0	1	0	0	0	0	0	0	0	0	0	1	1	1	1	-	-	-	-	-	-
1	37	51200C	73	-	-	-	-	-	-	-	-	-	-	2	1	1	1	1	1	2	0	1	0	1	1	1	1	2	3	-	-	-	-	-	-
1	37	51201D	73	-	-	1	1	-	-	0	0	0	1	0	0	0	0	0	0	0	1	0	0	0	0	0	0	0	1	-	-	1	1	-	-
1	37	51202E	73	-	-	1	1	-	-	-	-	1	1	0	0	0	0	0	1	1	0	0	0	0	0	1	1	-	-	1	1	1	2	-	-
1	37	51204G	80	 	0	0	0	0	0	0	0	0	0	0	0	0	0	0	0	0	0	0	0	0	0	0	0	0	0	0	0	0	0	0	0
1	37	51205H	80	 	0	0	0	0	0	0	0	0	0	0	0	0	0	0	0	0	0	0	0	0	0	0	0	0	0	0	0	0	0	0	0
1	37	51206J	80	-	-	1	1	-	-	0	0	0	0	0	0	0	0	0	0	0	1	0	0	0	0	0	0	0	1	0	1	1	1	-	-
1	37	51207K	80	-	-	-	-	-	-	1	1	0	0	0	0	1	0	0	1	1	0	0	0	0	0	2	2	-	-	-	-	-	-	-	-
1	37	51208L	80	 	0	0	0	0	0	0	0	0	0	0	0	0	0	0	0	0	0	0	0	0	0	0	0	0	0	0	0	0	0	0	0
1	37	51209M	80	 	0	0	0	0	0	0	0	0	0	0	0	0	0	0	0	0	0	0	0	0	0	0	0	0	0	0	0	0	0	0	0
1	37	51210N	80	 	0	0	0	0	0	0	0	0	0	0	0	0	0	0	0	0	0	0	0	0	0	0	0	0	0	0	0	0	0	0	0
1	37	51211P	80	-	-	-	-	-	-	-	-	1	1	0	0	1	1	1	1	1	1	1	1	0	1	-	-	-	-	-	-	0	1	-	-
1	37	51212Q	80	 	0	0	0	0	0	0	0	0	0	0	0	0	0	0	0	0	0	0	0	0	0	0	0	0	0	0	0	0	0	0	0
1	37	51213R	80	-	-	-	-	-	-	-	-	0	0	0	0	0	0	0	0	0	0	0	0	0	0	0	1	-	-	-	-	-	-	-	-
1	37	51214S	80	 	0	0	0	0	0	0	0	0	0	0	0	0	0	0	0	0	0	0	0	0	0	0	0	0	0	0	0	0	0	0	0
1	37	51215T	80	-	-	1	0	-	-	1	1	1	1	1	1	1	1	2	2	2	2	2	2	1	1	2	2	-	-	-	-	-	-	-	-
1	37	51216V	80	 	0	0	0	0	0	0	0	0	0	0	0	0	0	0	0	0	0	0	0	0	0	0	0	0	0	0	0	0	0	0	0
1	37	52217H	1	 	0	0	0	0	0	0	0	0	0	0	0	0	0	0	0	0	0	0	0	0	0	0	0	0	0	0	0	0	0	0	0
1	37	52218J	1	 	0	0	0	0	0	0	0	0	0	0	0	0	0	0	0	0	0	0	0	0	0	0	0	0	0	0	0	0	0	0	0
1	37	52219K	1	 	0	0	0	0	0	0	0	0	0	0	0	0	0	0	0	0	0	0	0	0	0	0	0	0	0	0	0	0	0	0	0
1	37	52220L	8	 	0	0	0	0	0	0	0	0	0	0	0	0	0	0	0	0	0	0	0	0	0	0	0	0	0	0	0	0	0	0	0
1	37	52221M	8	 	0	0	0	0	0	0	0	0	0	0	0	0	0	0	0	0	0	0	0	0	0	0	0	0	0	0	0	0	0	0	0
1	37	52222N	8	1	1	-	-	-	-	-	-	2	1	0	1	0	9	9	9	9	1	1	1	1	1	0	1	-	-	-	-	1	2	-	-
1	37	52223P	8	-	-	-	-	-	-	1	1	-	-	2	2	-	-	-	-	-	-	2	2	1	1	1	0	-	-	-	-	-	-	-	-
1	37	52224Q	8	 	0	0	0	0	0	0	0	0	0	0	0	0	0	0	0	0	0	0	0	0	0	0	0	0	0	0	0	0	0	0	0
1	37	52225R	9	 	0	0	0	0	0	0	0	0	0	0	0	0	0	0	0	0	0	0	0	0	0	0	0	0	0	0	0	0	0	0	0
1	37	52226S	9	 	0	0	0	0	0	0	0	0	0	0	0	0	0	0	0	0	0	0	0	0	0	0	0	0	0	0	0	0	0	0	0
1	37	52227T	17	 	0	0	0	0	0	0	0	0	0	0	0	0	0	0	0	0	0	0	0	0	0	0	0	0	0	0	0	0	0	0	0
1	37	52228V	17	 	0	0	0	0	0	0	0	0	0	0	0	0	0	0	0	0	0	0	0	0	0	0	0	0	0	0	0	0	0	0	0
1	37	52230X	24	 	0	0	0	0	0	0	0	0	0	0	0	0	0	0	0	0	0	0	0	0	0	0	0	0	0	0	0	0	0	0	0
1	37	52231Y	24	 	0	0	0	0	0	0	0	0	0	0	0	0	0	0	0	0	0	0	0	0	0	0	0	0	0	0	0	0	0	0	0
1	37	52232Z	32	 	 	-	-	-	-	-	-	 	 	 	 	 	 	 	 	 	 	 	 	-	-	 	 	-	-	-	-	-	-	-	-
1	37	52233A	32	-	-	-	-	-	-	-	-	-	-	1	1	1	1	1	1	-	-	1	1	1	1	-	-	-	-	-	-	-	-	-	-
1	37	52234B	32	1	1	1	1	-	-	-	-	1	1	1	1	1	1	1	1	1	1	1	1	0	0	0	1	1	1	-	-	1	1	-	-
1	37	52236D	32	 	0	0	0	0	0	0	0	0	0	0	0	0	0	0	0	0	0	0	0	0	0	0	0	0	0	0	0	0	0	0	0
1	37	52237E	33	 	0	0	0	0	0	0	0	0	0	0	0	0	0	0	0	0	0	0	0	0	0	0	0	0	0	0	0	0	0	0	0
1	37	52238F	33	 	0	0	0	0	0	0	0	0	0	0	0	0	0	0	0	0	0	0	0	0	0	0	0	0	0	0	0	0	0	0	0
1	37	52239G	40	 	0	0	0	0	0	0	0	0	0	0	0	0	0	0	0	0	0	0	0	0	0	0	0	0	0	0	0	0	0	0	0
1	37	52241J	40	 	0	0	0	0	0	0	0	0	0	0	0	0	0	0	0	0	0	0	0	0	0	0	0	0	0	0	0	0	0	0	0
1	37	52242K	48	 	0	0	0	0	0	0	0	0	0	0	0	0	0	0	0	0	0	0	0	0	0	0	0	0	0	0	0	0	0	0	0
1	37	52243L	48	 	0	0	0	0	0	0	0	0	0	0	0	0	0	0	0	0	0	0	0	0	0	0	0	0	0	0	0	0	0	0	0
1	37	52244M	64	 	0	0	0	0	0	0	0	0	0	0	0	0	0	0	0	0	0	0	0	0	0	0	0	0	0	0	0	0	0	0	0
1	37	52245N	65	-	-	-	-	-	-	-	-	-	-	-	-	-	-	-	-	2	1	-	-	-	-	-	-	-	-	-	-	-	-	-	-
1	37	52246P	72	 	0	0	0	0	0	0	0	0	0	0	0	0	0	0	0	0	0	0	0	0	0	0	0	0	0	0	0	0	0	0	0
1	37	52247Q	73	-	-	-	-	-	-	-	-	0	0	0	0	0	0	0	0	0	0	0	0	0	0	0	0	-	-	-	-	-	-	-	-
1	37	52248R	73	 	0	0	0	0	0	0	0	0	0	0	0	0	0	0	0	0	0	0	0	0	0	0	0	0	0	0	0	0	0	0	0
1	37	52249S	73	 	0	0	0	0	0	0	0	0	0	0	0	0	0	0	0	0	0	0	0	0	0	0	0	0	0	0	0	0	0	0	0
1	37	52250T	80	 	0	0	0	0	0	0	0	0	0	0	0	0	0	0	0	0	0	0	0	0	0	0	0	0	0	0	0	0	0	0	0
1	37	52251V	80	-	-	0	0	-	-	1	0	9	9	0	0	1	1	1	1	1	1	1	1	1	1	0	0	0	1	-	-	-	-	-	-
1	37	52253X	25	 	 	0	0	0	0	0	0	0	0	0	0	0	0	0	0	0	0	0	0	0	0	0	0	0	0	0	0	0	0	0	0
1	37	52254Y	73	 	 	0	0	0	0	0	0	0	0	0	0	0	0	0	0	0	0	0	0	0	0	0	0	0	0	0	0	0	0	0	0
2	37	61001F	2	 	 	0	0	0	0	0	0	0	0	0	0	0	0	0	0	0	0	0	0	0	0	0	0	0	0	0	0	0	0	0	0
2	37	61002G	2	 	 	 	 	 	 	-	-	-	-	1	2	2	3	2	3	3	3	2	3	1	2	-	-	 	0	0	0	0	0	0	0
2	37	61003H	2	 	0	0	0	0	0	0	0	0	0	0	0	0	0	0	0	0	0	0	0	0	0	0	0	0	0	0	0	0	0	0	0
2	37	61005K	2	 	0	0	0	0	0	0	0	0	0	0	0	0	0	0	0	0	0	0	0	0	0	0	0	0	0	0	0	0	0	0	0
2	37	61006L	2	-	-	-	-	-	-	1	2	1	1	2	1	1	0	2	2	1	1	0	1	1	2	1	0	1	2	-	-	-	-	-	-
2	37	61007M	2	 	0	0	0	0	0	0	0	0	0	0	0	0	0	0	0	0	0	0	0	0	0	0	0	0	0	0	0	0	0	0	0
2	37	61008N	2	 	0	0	0	0	0	0	0	0	0	0	0	0	0	0	0	0	0	0	0	0	0	0	0	0	0	0	0	0	0	0	0
2	37	61009P	2	 	0	0	0	0	0	0	0	0	0	0	0	0	0	0	0	0	0	0	0	0	0	0	0	0	0	0	0	0	0	0	0
2	37	61010Q	2	 	0	0	0	0	0	0	0	0	0	0	0	0	0	0	0	0	0	0	0	0	0	0	0	0	0	0	0	0	0	0	0
2	37	61012S	2	 	0	0	0	0	0	0	0	0	0	0	0	0	0	0	0	0	0	0	0	0	0	0	0	0	0	0	0	0	0	0	0
2	37	61013T	7	 	0	0	0	0	0	0	0	0	0	0	0	0	0	0	0	0	0	0	0	0	0	0	0	0	0	0	0	0	0	0	0
2	37	61014V	7	 	0	0	0	0	0	0	0	0	0	0	0	0	0	0	0	0	0	0	0	0	0	0	0	0	0	0	0	0	0	0	0
2	37	61015W	7	 	 	0	0	0	0	0	0	0	0	0	0	0	0	0	0	0	0	0	0	0	0	0	0	0	0	0	0	0	0	0	0
2	37	61018Z	7	 	 	0	0	0	0	0	0	0	0	0	0	0	0	0	0	0	0	0	0	0	0	0	0	0	0	0	0	0	0	0	0
2	37	61019A	7	 	 	0	0	0	0	0	0	0	0	0	0	0	0	0	0	0	0	0	0	0	0	0	0	0	0	0	0	0	0	0	0
2	37	61020B	7	0	1	-	-	-	-	1	1	0	0	0	0	0	0	1	1	1	1	0	1	0	0	1	0	0	1	-	-	-	-	1	0
2	37	61021C	7	1	1	-	-	1	0	1	0	0	0	0	2	1	1	2	2	1	1	2	2	1	1	0	0	2	2	-	-	-	-	0	1
2	37	61022D	10	 	 	0	0	0	0	0	0	0	0	0	0	0	0	0	0	0	0	0	0	0	0	0	0	0	0	0	0	0	0	0	0
2	37	61023E	10	 	 	0	0	0	0	0	0	0	0	0	0	0	0	0	0	0	0	0	0	0	0	0	0	0	0	0	0	0	0	0	0
2	37	61025G	10	 	 	0	0	0	0	0	0	0	0	0	0	0	0	0	0	0	0	0	0	0	0	0	0	0	0	0	0	0	0	0	0
2	37	61026H	10	 	 	0	0	0	0	0	0	0	0	0	0	0	0	0	0	0	0	0	0	0	0	0	0	0	0	0	0	0	0	0	0
2	37	61027J	10	 	 	0	0	0	0	0	0	0	0	0	0	0	0	0	0	0	0	0	0	0	0	0	0	0	0	0	0	0	0	0	0
2	37	61028K	10	 	 	0	0	0	0	0	0	0	0	0	0	0	0	0	0	0	0	0	0	0	0	0	0	0	0	0	0	0	0	0	0
2	37	61029L	10	 	0	0	0	0	0	0	0	0	0	0	0	0	0	0	0	0	0	0	0	0	0	0	0	0	0	0	0	0	0	0	0
2	37	61030M	10	 	0	0	0	0	0	0	0	0	0	0	0	0	0	0	0	0	0	0	0	0	0	0	0	0	0	0	0	0	0	0	0
2	37	61031N	15	 	0	0	0	0	0	0	0	0	0	0	0	0	0	0	0	0	0	0	0	0	0	0	0	0	0	0	0	0	0	0	0
2	37	61032P	15	 	0	0	0	0	0	0	0	0	0	0	0	0	0	0	0	0	0	0	0	0	0	0	0	0	0	0	0	0	0	0	0
2	37	61033Q	15	 	0	0	0	0	0	0	0	0	0	0	0	0	0	0	0	0	0	0	0	0	0	0	0	0	0	0	0	0	0	0	0
2	37	61034R	15	 	0	0	0	0	0	0	0	0	0	0	0	0	0	0	0	0	0	0	0	0	0	0	0	0	0	0	0	0	0	0	0
2	37	61035S	15	 	0	0	0	0	0	0	0	0	0	0	0	0	0	0	0	0	0	0	0	0	0	0	0	0	0	0	0	0	0	0	0
2	37	61036T	15	1	1	1	1	-	-	-	-	1	1	1	1	1	1	0	1	3	1	0	0	0	1	0	1	-	-	-	-	1	0	1	1
2	37	61037V	15	 	0	0	0	0	0	0	0	0	0	0	0	0	0	0	0	0	0	0	0	0	0	0	0	0	0	0	0	0	0	0	0
2	37	61038W	15	 	0	0	0	0	0	0	0	0	0	0	0	0	0	0	0	0	0	0	0	0	0	0	0	0	0	0	0	0	0	0	0
2	37	61039X	15	 	0	0	0	0	0	0	0	0	0	0	0	0	0	0	0	0	0	0	0	0	0	0	0	0	0	0	0	0	0	0	0
2	37	61040Y	15	-	-	-	-	-	-	-	-	0	0	0	0	1	1	1	1	1	1	0	0	0	0	0	0	-	-	-	-	-	-	-	-
2	37	61041Z	18	 	0	0	0	0	0	0	0	0	0	0	0	0	0	0	0	0	0	0	0	0	0	0	0	0	0	0	0	0	0	0	0
2	37	61042A	18	 	0	0	0	0	0	0	0	0	0	0	0	0	0	0	0	0	0	0	0	0	0	0	0	0	0	0	0	0	0	0	0
2	37	61043B	18	 	0	0	0	0	0	0	0	0	0	0	0	0	0	0	0	0	0	0	0	0	0	0	0	0	0	0	0	0	0	0	0
2	37	61044C	18	 	0	0	0	0	0	0	0	0	0	0	0	0	0	0	0	0	0	0	0	0	0	0	0	0	0	0	0	0	0	0	0
2	37	61045D	18	 	0	0	0	0	0	0	0	0	0	0	0	0	0	0	0	0	0	0	0	0	0	0	0	0	0	0	0	0	0	0	0
2	37	61047F	18	 	0	0	0	0	0	0	0	0	0	0	0	0	0	0	0	0	0	0	0	0	0	0	0	0	0	0	0	0	0	0	0
2	37	61049H	18	-	-	1	1	-	-	1	1	0	0	0	0	0	0	0	0	0	0	0	0	0	1	0	1	0	1	-	-	-	-	-	-
2	37	61050J	18	 	0	0	0	0	0	0	0	0	0	0	0	0	0	0	0	0	0	0	0	0	0	0	0	0	0	0	0	0	0	0	0
2	37	61051K	18	 	0	0	0	0	0	0	0	0	0	0	0	0	0	0	0	0	0	0	0	0	0	0	0	0	0	0	0	0	0	0	0
2	37	61052L	18	-	-	-	-	-	-	-	-	0	0	0	2	-	-	-	-	1	0	1	1	1	0	1	1	-	-	-	-	-	-	-	-
2	37	61053M	23	 	0	0	0	0	0	0	0	0	0	0	0	0	0	0	0	0	0	0	0	0	0	0	0	0	0	0	0	0	0	0	0
2	37	61054N	23	 	0	0	0	0	0	0	0	0	0	0	0	0	0	0	0	0	0	0	0	0	0	0	0	0	0	0	0	0	0	0	0
2	37	61056Q	23	 	0	0	0	0	0	0	0	0	0	0	0	0	0	0	0	0	0	0	0	0	0	0	0	0	0	0	0	0	0	0	0
2	37	61057R	23	 	0	0	0	0	0	0	0	0	0	0	0	0	0	0	0	0	0	0	0	0	0	0	0	0	0	0	0	0	0	0	0
2	37	61058S	23	 	0	0	0	0	0	0	0	0	0	0	0	0	0	0	0	0	0	0	0	0	0	0	0	0	0	0	0	0	0	0	0
2	37	61059T	23	-	-	0	1	-	-	-	-	0	0	0	0	1	1	0	0	0	0	1	1	1	0	0	0	-	-	1	1	1	1	-	-
2	37	61061W	23	-	-	-	-	-	-	2	2	1	0	1	2	2	2	3	2	2	2	2	2	1	1	1	1	-	-	1	1	-	-	-	-
2	37	61063Y	26	 	0	0	0	0	0	0	0	0	0	0	0	0	0	0	0	0	0	0	0	0	0	0	0	0	0	0	0	0	0	0	0
2	37	61064Z	26	 	0	0	0	0	0	0	0	0	0	0	0	0	0	0	0	0	0	0	0	0	0	0	0	0	0	0	0	0	0	0	0
2	37	61067C	26	-	-	1	1	-	-	0	0	-	-	2	2	2	2	2	2	2	2	2	2	2	2	-	-	1	1	1	2	1	1	1	1
2	37	61068D	26	-	-	-	-	-	-	-	-	-	-	0	1	1	1	0	1	1	1	1	1	1	1	-	-	-	-	-	-	-	-	-	-
2	37	61069E	26	-	-	-	-	-	-	-	-	-	-	1	1	1	2	-	-	-	-	2	1	2	2	-	-	-	-	-	-	-	-	-	-
2	37	61070F	26	-	-	-	-	-	-	-	-	1	1	2	2	2	2	2	2	3	3	3	3	1	1	0	0	-	-	-	-	9	9	-	-
2	37	61071G	26	 	 	0	0	0	0	0	0	0	0	0	0	0	0	0	0	0	0	0	0	0	0	0	0	0	0	0	0	0	0	0	0
2	37	61072H	26	 	0	0	0	0	0	0	0	0	0	0	0	0	0	0	0	0	0	0	0	0	0	0	0	0	0	0	0	0	0	0	0
2	37	61073J	31	 	0	0	0	0	0	0	0	0	0	0	0	0	0	0	0	0	0	0	0	0	0	0	0	0	0	0	0	0	0	0	0
2	37	61074K	31	 	0	0	0	0	0	0	0	0	0	0	0	0	0	0	0	0	0	0	0	0	0	0	0	0	0	0	0	0	0	0	0
2	37	61076M	31	 	 	0	0	0	0	0	0	0	0	0	0	0	0	0	0	0	0	0	0	0	0	0	0	0	0	0	0	0	0	0	0
2	37	61077N	31	 	0	0	0	0	0	0	0	0	0	0	0	0	0	0	0	0	0	0	0	0	0	0	0	0	0	0	0	0	0	0	0
2	37	61078P	31	 	0	0	0	0	0	0	0	0	0	0	0	0	0	0	0	0	0	0	0	0	0	0	0	0	0	0	0	0	0	0	0
2	37	61080R	31	1	0	-	-	1	1	-	-	1	1	1	1	1	0	1	1	1	1	1	1	1	1	1	1	1	1	-	-	-	-	-	-
2	37	61081S	31	1	1	-	-	-	-	1	1	0	0	0	0	1	1	1	1	1	1	1	1	0	0	1	0	9	9	1	1	-	-	-	-
2	37	61083V	34	 	0	0	0	0	0	0	0	0	0	0	0	0	0	0	0	0	0	0	0	0	0	0	0	0	0	0	0	0	0	0	0
2	37	61084W	34	 	0	0	0	0	0	0	0	0	0	0	0	0	0	0	0	0	0	0	0	0	0	0	0	0	0	0	0	0	0	0	0
2	37	61085X	34	 	 	0	0	0	0	0	0	0	0	0	0	0	0	0	0	0	0	0	0	0	0	0	0	0	0	0	0	0	0	0	0
2	37	61086Y	34	 	 	0	0	0	0	0	0	0	0	0	0	0	0	0	0	0	0	0	0	0	0	0	0	0	0	0	0	0	0	0	0
2	37	61087Z	34	-	-	0	1	-	-	0	0	0	1	0	0	0	0	0	0	0	0	0	0	0	0	0	1	-	-	-	-	-	-	0	1
2	37	61088A	34	-	-	0	0	1	0	1	1	1	1	0	0	0	0	0	0	0	0	0	0	0	0	1	1	0	0	1	1	1	1	-	-
2	37	61089B	34	 	0	0	0	0	0	0	0	0	0	0	0	0	0	0	0	0	0	0	0	0	0	0	0	0	0	0	0	0	0	0	0
2	37	61090C	39	 	 	0	0	0	0	0	0	0	0	0	0	0	0	0	0	0	0	0	0	0	0	0	0	0	0	0	0	0	0	0	0
2	37	61091D	39	 	 	0	0	0	0	0	0	0	0	0	0	0	0	0	0	0	0	0	0	0	0	0	0	0	0	0	0	0	0	0	0
2	37	61092E	39	 	 	0	0	0	0	0	0	0	0	0	0	0	0	0	0	0	0	0	0	0	0	0	0	0	0	0	0	0	0	0	0
2	37	61094G	39	 	 	0	0	0	0	0	0	0	0	0	0	0	0	0	0	0	0	0	0	0	0	0	0	0	0	0	0	0	0	0	0
2	37	61095H	39	 	 	0	0	0	0	0	0	0	0	0	0	0	0	0	0	0	0	0	0	0	0	0	0	0	0	0	0	0	0	0	0
2	37	61096J	39	 	 	0	0	0	0	0	0	0	0	0	0	0	0	0	0	0	0	0	0	0	0	0	0	0	0	0	0	0	0	0	0
2	37	61098L	39	1	1	1	0	-	-	1	0	0	0	0	0	0	0	0	0	0	0	0	0	0	0	0	1	1	1	-	-	0	0	-	-
2	37	61101P	42	 	 	0	0	0	0	0	0	0	0	0	0	0	0	0	0	0	0	0	0	0	0	0	0	0	0	0	0	0	0	0	0
2	37	61102Q	42	-	-	-	-	-	-	-	-	-	-	-	-	-	-	1	1	1	1	1	1	-	-	-	-	1	1	-	-	-	-	-	-
2	37	61103R	42	-	-	-	-	-	-	-	-	-	-	-	-	1	0	-	-	-	-	-	-	1	1	-	-	-	-	-	-	-	-	-	-
2	37	61104S	42	1	2	1	2	-	-	2	2	2	2	1	1	1	1	1	1	1	1	1	1	1	1	2	2	-	-	-	-	2	2	2	2
2	37	61105T	42	 	0	0	0	0	0	0	0	0	0	0	0	0	0	0	0	0	0	0	0	0	0	0	0	0	0	0	0	0	0	0	0
2	37	61106V	47	 	0	0	0	0	0	0	0	0	0	0	0	0	0	0	0	0	0	0	0	0	0	0	0	0	0	0	0	0	0	0	0
2	37	61107W	47	 	 	0	0	0	0	0	0	0	0	0	0	0	0	0	0	0	0	0	0	0	0	0	0	0	0	0	0	0	0	0	0
2	37	61110Z	47	 	0	0	0	0	0	0	0	0	0	0	0	0	0	0	0	0	0	0	0	0	0	0	0	0	0	0	0	0	0	0	0
2	37	61112B	47	 	0	0	0	0	0	0	0	0	0	0	0	0	0	0	0	0	0	0	0	0	0	0	0	0	0	0	0	0	0	0	0
2	37	61113C	47	1	1	-	-	-	-	1	1	0	1	0	0	0	0	0	0	0	0	0	1	0	0	1	0	0	0	1	0	1	1	-	-
2	37	61114D	47	-	-	0	0	0	0	-	-	0	1	0	0	0	0	0	0	0	0	0	0	0	0	0	0	-	-	-	-	0	0	-	-
2	37	61115E	47	0	0	-	-	-	-	0	0	1	1	0	0	0	0	0	0	0	0	-	-	0	0	0	0	-	-	-	-	0	0	9	9
2	37	61116F	47	-	-	-	-	-	-	-	-	-	-	-	-	-	-	-	-	-	-	-	-	2	1	1	1	-	-	-	-	-	-	-	-
2	37	61117G	50	 	0	0	0	0	0	0	0	0	0	0	0	0	0	0	0	0	0	0	0	0	0	0	0	0	0	0	0	0	0	0	0
2	37	61118H	50	 	0	0	0	0	0	0	0	0	0	0	0	0	0	0	0	0	0	0	0	0	0	0	0	0	0	0	0	0	0	0	0
2	37	61119J	50	 	 	0	0	0	0	0	0	0	0	0	0	0	0	0	0	0	0	0	0	0	0	0	0	0	0	0	0	0	0	0	0
2	37	61120K	50	 	 	0	0	0	0	0	0	0	0	0	0	0	0	0	0	0	0	0	0	0	0	0	0	0	0	0	0	0	0	0	0
2	37	61121L	50	0	0	0	0	-	-	0	0	1	0	0	0	0	0	0	0	0	0	0	0	0	0	0	1	0	0	-	-	0	0	1	0
2	37	61122M	50	0	0	0	1	-	-	1	0	1	1	0	0	0	0	0	0	0	0	0	0	0	0	0	1	1	1	0	1	0	1	0	1
2	37	61123N	50	 	 	0	0	0	0	0	0	0	0	0	0	0	0	0	0	0	0	0	0	0	0	0	0	0	0	0	0	0	0	0	0
2	37	61125Q	55	-	-	-	-	-	-	2	2	3	2	3	2	2	3	3	9	9	9	2	3	3	3	2	3	4	3	-	-	-	-	-	-
2	37	61126R	55	-	-	-	-	-	-	-	-	-	-	0	0	0	0	1	1	1	0	1	0	1	0	-	-	-	-	-	-	-	-	-	-
2	37	61127S	55	 	 	 	 	 	 	 	 	 	 	 	 	 	 	 	 	1	0	1	1	1	1	1	0	-	-	-	-	-	-	-	-
2	37	61128T	55	-	-	-	-	-	-	-	-	-	-	2	1	2	1	1	1	1	1	1	1	-	-	-	-	-	-	-	-	-	-	-	-
2	37	61129V	55	 	 	0	0	0	0	0	0	0	0	0	0	0	0	0	0	0	0	0	0	0	0	0	0	0	0	0	0	0	0	0	0
2	37	61130W	55	 	 	0	0	0	0	0	0	0	0	0	0	0	0	0	0	0	0	0	0	0	0	0	0	0	0	0	0	0	0	0	0
2	37	61131X	55	 	 	0	0	0	0	0	0	0	0	0	0	0	0	0	0	0	0	0	0	0	0	0	0	0	0	0	0	0	0	0	0
2	37	61132Y	55	 	 	0	0	0	0	0	0	0	0	0	0	0	0	0	0	0	0	0	0	0	0	0	0	0	0	0	0	0	0	0	0
2	37	61133Z	55	1	1	-	-	-	-	-	-	-	-	3	3	-	-	-	-	-	-	-	-	-	-	-	-	-	-	-	-	-	-	-	-
2	37	61134A	55	-	-	0	0	0	0	0	0	0	0	0	0	1	1	1	0	1	0	0	1	0	1	-	-	2	1	-	-	1	1	-	-
2	37	61135B	55	 	 	0	0	0	0	0	0	0	0	0	0	0	0	0	0	0	0	0	0	0	0	0	0	0	0	0	0	0	0	0	0
2	37	61136C	55	-	-	1	1	-	-	-	-	0	0	0	0	0	0	0	1	0	0	0	0	1	0	-	-	1	1	-	-	1	1	-	-
2	37	61137D	55	 	 	0	0	0	0	0	0	0	0	0	0	0	0	0	0	0	0	0	0	0	0	0	0	0	0	0	0	0	0	0	0
2	37	61138E	58	 	0	0	0	0	0	0	0	0	0	0	0	0	0	0	0	0	0	0	0	0	0	0	0	0	0	0	0	0	0	0	0
2	37	61139F	58	 	0	0	0	0	0	0	0	0	0	0	0	0	0	0	0	0	0	0	0	0	0	0	0	0	0	0	0	0	0	0	0
2	37	61141H	58	 	0	0	0	0	0	0	0	0	0	0	0	0	0	0	0	0	0	0	0	0	0	0	0	0	0	0	0	0	0	0	0
2	37	61142J	58	-	-	-	-	-	-	-	-	1	1	1	1	0	1	-	-	-	-	1	1	1	0	1	1	-	-	-	-	-	-	-	-
2	37	61143K	58	0	0	-	-	-	-	-	-	2	1	0	0	1	1	1	1	1	1	1	1	1	1	1	1	1	1	1	1	-	-	1	1
2	37	61144L	58	0	1	-	-	-	-	-	-	-	-	1	1	1	1	-	-	-	-	-	-	1	0	-	-	-	-	-	-	-	-	1	1
2	37	61145M	58	 	 	0	0	0	0	0	0	0	0	0	0	0	0	0	0	0	0	0	0	0	0	0	0	0	0	0	0	0	0	0	0
2	37	61146N	63	 	0	0	0	0	0	0	0	0	0	0	0	0	0	0	0	0	0	0	0	0	0	0	0	0	0	0	0	0	0	0	0
2	37	61147P	63	 	0	0	0	0	0	0	0	0	0	0	0	0	0	0	0	0	0	0	0	0	0	0	0	0	0	0	0	0	0	0	0
2	37	61148Q	63	-	-	-	-	-	-	-	-	-	-	1	1	0	0	0	0	0	0	1	1	1	1	-	-	-	-	-	-	-	-	1	1
2	37	61149R	63	 	0	0	0	0	0	0	0	0	0	0	0	0	0	0	0	0	0	0	0	0	0	0	0	0	0	0	0	0	0	0	0
2	37	61150S	63	 	0	0	0	0	0	0	0	0	0	0	0	0	0	0	0	0	0	0	0	0	0	0	0	0	0	0	0	0	0	0	0
2	37	61151T	63	-	-	-	-	-	-	-	-	-	-	0	0	1	1	1	1	1	1	1	0	1	1	0	0	-	-	-	-	-	-	0	1
2	37	61152V	63	 	0	0	0	0	0	0	0	0	0	0	0	0	0	0	0	0	0	0	0	0	0	0	0	0	0	0	0	0	0	0	0
2	37	61153W	63	 	0	0	0	0	0	0	0	0	0	0	0	0	0	0	0	0	0	0	0	0	0	0	0	0	0	0	0	0	0	0	0
2	37	61154X	63	-	-	-	-	-	-	1	1	0	0	0	1	1	1	1	1	0	1	1	1	1	0	1	1	1	1	-	-	-	-	-	-
2	37	61155Y	63	1	1	1	1	1	1	-	-	0	0	0	0	0	0	0	0	0	0	0	0	0	0	0	0	1	1	-	-	1	1	1	1
2	37	61156Z	63	1	1	1	1	0	1	0	1	-	-	2	1	-	-	2	2	2	2	2	2	1	1	0	0	1	1	-	-	-	-	1	0
2	37	61157A	63	-	-	-	-	-	-	1	1	0	0	0	0	0	0	1	1	1	1	1	1	1	1	1	0	0	0	-	-	1	1	-	-
2	37	61158B	63	 	0	0	0	0	0	0	0	0	0	0	0	0	0	0	0	0	0	0	0	0	0	0	0	0	0	0	0	0	0	0	0
2	37	61159C	63	-	-	1	1	1	1	2	2	0	0	0	0	0	0	1	1	0	0	0	1	1	0	0	0	-	-	2	2	-	-	-	-
2	37	61160D	63	-	-	1	1	1	1	-	-	-	-	1	1	0	1	1	1	1	1	0	1	1	0	1	0	-	-	1	1	1	1	 	 
2	37	61161E	63	 	 	 	 	 	 	 	 	 	 	 	 	 	 	 	 	 	 	 	 	 	 	 	 	 	 	 	 	 	 	 	 
2	37	61162F	63	 	 	 	 	 	 	 	 	 	 	 	 	 	 	 	 	 	 	 	 	 	 	 	 	 	 	 	 	 	 	 	 
2	37	61163G	66	 	 	 	 	 	 	 	 	 	 	 	 	 	 	 	 	 	 	 	 	 	 	 	 	 	 	 	 	 	 	 	 
2	37	61165J	66	 	 	0	0	0	0	0	0	0	0	0	0	0	0	0	0	0	0	0	0	0	0	0	0	0	0	0	0	0	0	0	0
2	37	61166K	66	 	0	0	0	0	0	0	0	0	0	0	0	0	0	0	0	0	0	0	0	0	0	0	0	0	0	0	0	0	0	0	0
2	37	61169N	66	 	0	0	0	0	0	0	0	0	0	0	0	0	0	0	0	0	0	0	0	0	0	0	0	0	0	0	0	0	0	0	0
2	37	61170P	66	-	-	-	-	-	-	0	0	0	0	0	0	0	0	0	0	0	0	0	0	0	0	0	0	-	-	-	-	-	-	-	-
2	37	61171Q	71	 	0	0	0	0	0	0	0	0	0	0	0	0	0	0	0	0	0	0	0	0	0	0	0	0	0	0	0	0	0	0	0
2	37	61172R	71	 	0	0	0	0	0	0	0	0	0	0	0	0	0	0	0	0	0	0	0	0	0	0	0	0	0	0	0	0	0	0	0
2	37	61173S	71	 	0	0	0	0	0	0	0	0	0	0	0	0	0	0	0	0	0	0	0	0	0	0	0	0	0	0	0	0	0	0	0
2	37	61174T	71	 	0	0	0	0	0	0	0	0	0	0	0	0	0	0	0	0	0	0	0	0	0	0	0	0	0	0	0	0	0	0	0
2	37	61175V	71	 	0	0	0	0	0	0	0	0	0	0	0	0	0	0	0	0	0	0	0	0	0	0	0	0	0	0	0	0	0	0	0
2	37	61176W	71	-	-	-	-	-	-	-	-	-	-	-	-	-	-	-	-	-	-	-	-	1	1	-	-	-	-	-	-	-	-	-	-
2	37	61177X	71	 	0	0	0	0	0	0	0	0	0	0	0	0	0	0	0	0	0	0	0	0	0	0	0	0	0	0	0	0	0	0	0
2	37	61178Y	71	 	0	0	0	0	0	0	0	0	0	0	0	0	0	0	0	0	0	0	0	0	0	0	0	0	0	0	0	0	0	0	0
2	37	61179Z	71	1	1	1	1	-	-	1	0	1	1	1	1	0	1	1	1	1	1	1	1	1	1	0	1	1	0	-	-	-	-	1	1
2	37	61181B	71	-	-	-	-	-	-	0	0	1	1	0	0	1	1	-	-	2	0	0	1	1	1	0	1	-	-	-	-	-	-	-	-
2	37	61182C	71	 	0	0	0	0	0	0	0	0	0	0	0	0	0	0	0	0	0	0	0	0	0	0	0	0	0	0	0	0	0	0	0
2	37	61183D	71	1	1	2	2	3	2	1	1	1	1	2	2	3	3	3	2	1	1	1	1	2	1	-	-	-	-	3	3	1	1	2	1
2	37	61184E	71	 	0	0	0	0	0	0	0	0	0	0	0	0	0	0	0	0	0	0	0	0	0	0	0	0	0	0	0	0	0	0	0
2	37	61185F	71	-	-	1	1	2	1	2	1	1	2	2	1	1	1	1	1	1	1	1	1	1	1	2	1	2	1	-	-	2	2	1	2
2	37	61186G	71	 	 	0	0	0	0	0	0	0	0	0	0	0	0	0	0	0	0	0	0	0	0	0	0	0	0	0	0	0	0	0	0
2	37	61187H	71	-	-	-	-	-	-	-	-	0	0	0	0	0	1	1	0	1	0	1	0	1	0	2	1	-	-	-	-	-	-	-	-
2	37	61188J	74	-	-	-	-	-	-	-	-	1	1	1	0	0	0	1	1	1	1	1	1	0	1	1	1	-	-	-	-	-	-	9	9
2	37	61189K	74	-	-	-	-	-	-	1	1	1	1	1	1	1	1	1	1	1	1	1	1	1	1	1	1	-	-	-	-	-	-	-	-
2	37	61190L	74	1	1	1	1	-	-	-	-	0	0	0	0	0	0	0	0	0	0	0	0	0	0	0	0	-	-	-	-	-	-	0	1
2	37	61192N	74	-	-	0	0	-	-	1	1	1	1	1	1	1	1	1	3	3	3	3	1	1	1	1	1	0	0	-	-	-	-	3	3
2	37	61193P	74	 	 	0	0	0	0	0	0	0	0	0	0	0	0	0	0	0	0	0	0	0	0	0	0	0	0	0	0	0	0	0	0
2	37	61194Q	74	-	-	1	1	1	1	0	1	0	0	0	0	0	0	0	0	0	0	0	0	0	0	0	0	-	-	0	1	0	1	-	-
2	37	61195R	74	-	-	-	-	-	-	3	3	3	3	1	1	1	1	3	3	3	3	3	3	3	2	1	3	-	-	-	-	-	-	-	-
2	37	61196S	79	 	 	0	0	0	0	0	0	0	0	0	0	0	0	0	0	0	0	0	0	0	0	0	0	0	0	0	0	0	0	0	0
2	37	61197T	79	 	 	0	0	0	0	0	0	0	0	0	0	0	0	0	0	0	0	0	0	0	0	0	0	0	0	0	0	0	0	0	0
2	37	61198V	79	-	-	-	-	-	-	2	0	2	1	0	0	3	2	2	1	0	2	2	1	1	0	1	0	0	0	-	-	-	-	-	-
2	37	61199W	79	-	-	0	0	0	0	1	1	0	0	0	0	0	1	0	0	0	0	1	1	0	0	0	0	-	-	1	1	0	0	-	-
2	37	61200X	79	 	0	0	0	0	0	0	0	0	0	0	0	0	0	0	0	0	0	0	0	0	0	0	0	0	0	0	0	0	0	0	0
2	37	61201Y	79	 	 	0	0	0	0	0	0	0	0	0	0	0	0	0	0	0	0	0	0	0	0	0	0	0	0	0	0	0	0	0	0
2	37	62202L	7	 	 	0	0	0	0	0	0	0	0	0	0	0	0	0	0	0	0	0	0	0	0	0	0	0	0	0	0	0	0	0	0
2	37	62203M	7	 	0	0	0	0	0	0	0	0	0	0	0	0	0	0	0	0	0	0	0	0	0	0	0	0	0	0	0	0	0	0	0
2	37	62204N	10	 	0	0	0	0	0	0	0	0	0	0	0	0	0	0	0	0	0	0	0	0	0	0	0	0	0	0	0	0	0	0	0
2	37	62205P	15	 	0	0	0	0	0	0	0	0	0	0	0	0	0	0	0	0	0	0	0	0	0	0	0	0	0	0	0	0	0	0	0
2	37	62206Q	15	 	0	0	0	0	0	0	0	0	0	0	0	0	0	0	0	0	0	0	0	0	0	0	0	0	0	0	0	0	0	0	0
2	37	62207R	23	-	-	-	-	-	-	2	2	-	-	-	-	-	-	-	-	-	-	-	-	2	2	-	-	3	2	1	1	-	-	-	-
2	37	62208S	23	 	0	0	0	0	0	0	0	0	0	0	0	0	0	0	0	0	0	0	0	0	0	0	0	0	0	0	0	0	0	0	0
2	37	62209T	23	 	0	0	0	0	0	0	0	0	0	0	0	0	0	0	0	0	0	0	0	0	0	0	0	0	0	0	0	0	0	0	0
2	37	62210V	26	 	0	0	0	0	0	0	0	0	0	0	0	0	0	0	0	0	0	0	0	0	0	0	0	0	0	0	0	0	0	0	0
2	37	62211W	26	 	0	0	0	0	0	0	0	0	0	0	0	0	0	0	0	0	0	0	0	0	0	0	0	0	0	0	0	0	0	0	0
2	37	62212X	26	 	0	0	0	0	0	0	0	0	0	0	0	0	0	0	0	0	0	0	0	0	0	0	0	0	0	0	0	0	0	0	0
2	37	62213Y	26	 	0	0	0	0	0	0	0	0	0	0	0	0	0	0	0	0	0	0	0	0	0	0	0	0	0	0	0	0	0	0	0
2	37	62214Z	26	 	0	0	0	0	0	0	0	0	0	0	0	0	0	0	0	0	0	0	0	0	0	0	0	0	0	0	0	0	0	0	0
2	37	62215A	31	-	-	-	-	-	-	-	-	-	-	2	2	-	-	-	-	-	-	-	-	2	2	-	-	-	-	-	-	-	-	-	-
2	37	62216B	31	 	0	0	0	0	0	0	0	0	0	0	0	0	0	0	0	0	0	0	0	0	0	0	0	0	0	0	0	0	0	0	0
2	37	62217C	31	 	0	0	0	0	0	0	0	0	0	0	0	0	0	0	0	0	0	0	0	0	0	0	0	0	0	0	0	0	0	0	0
2	37	62218D	31	 	 	0	0	0	0	0	0	0	0	0	0	0	0	0	0	0	0	0	0	0	0	0	0	0	0	0	0	0	0	0	0
2	37	62219E	31	 	0	0	0	0	0	0	0	0	0	0	0	0	0	0	0	0	0	0	0	0	0	0	0	0	0	0	0	0	0	0	0
2	37	62220F	39	 	0	0	0	0	0	0	0	0	0	0	0	0	0	0	0	0	0	0	0	0	0	0	0	0	0	0	0	0	0	0	0
2	37	62221G	42	-	-	-	-	 	 	 	 	 	 	 	 	-	-	-	-	-	-	-	-	-	-	 	 	 	 	-	-	-	-	-	-
2	37	62222H	42	-	-	-	-	-	-	-	-	-	-	0	1	-	-	-	-	-	-	-	-	-	-	-	-	-	-	-	-	-	-	-	-
2	37	62223J	42	-	-	-	-	-	-	-	-	-	-	0	0	0	0	1	0	0	0	-	-	1	1	-	-	-	-	-	-	-	-	0	0
2	37	62224K	47	 	0	0	0	0	0	0	0	0	0	0	0	0	0	0	0	0	0	0	0	0	0	0	0	0	0	0	0	0	0	0	0
2	37	62225L	47	 	0	0	0	0	0	0	0	0	0	0	0	0	0	0	0	0	0	0	0	0	0	0	0	0	0	0	0	0	0	0	0
2	37	62226M	47	 	0	0	0	0	0	0	0	0	0	0	0	0	0	0	0	0	0	0	0	0	0	0	0	0	0	0	0	0	0	0	0
2	37	62227N	55	 	0	0	0	0	0	0	0	0	0	0	0	0	0	0	0	0	0	0	0	0	0	0	0	0	0	0	0	0	0	0	0
2	37	62228P	58	 	0	0	0	0	0	0	0	0	0	0	0	0	0	0	0	0	0	0	0	0	0	0	0	0	0	0	0	0	0	0	0
2	37	62229Q	58	 	0	0	0	0	0	0	0	0	0	0	0	0	0	0	0	0	0	0	0	0	0	0	0	0	0	0	0	0	0	0	0
2	37	62230R	74	 	0	0	0	0	0	0	0	0	0	0	0	0	0	0	0	0	0	0	0	0	0	0	0	0	0	0	0	0	0	0	0
2	37	62231S	74	1	1	-	-	-	-	0	0	0	0	0	0	0	0	0	0	0	0	0	0	0	0	0	0	0	0	-	-	0	0	-	-
2	37	62232T	79	1	1	-	-	-	-	-	-	0	1	1	0	1	1	0	0	0	1	1	1	1	0	0	0	0	0	-	-	-	-	1	0
2	37	62233V	2	 	0	0	0	0	0	0	0	0	0	0	0	0	0	0	0	0	0	0	0	0	0	0	0	0	0	0	0	0	0	0	0
2	37	62235X	18	 	0	0	0	0	0	0	0	0	0	0	0	0	0	0	0	0	0	0	0	0	0	0	0	0	0	0	0	0	0	0	0
2	37	62236Y	18	-	-	-	-	-	-	0	0	0	0	0	0	0	0	0	0	1	1	0	1	0	1	0	0	-	-	-	-	-	-	-	-
2	37	62237Z	50	 	0	0	0	0	0	0	0	0	0	0	0	0	0	0	0	0	0	0	0	0	0	0	0	0	0	0	0	0	0	0	0
2	37	62238A	50	 	0	0	0	0	0	0	0	0	0	0	0	0	0	0	0	0	0	0	0	0	0	0	0	0	0	0	0	0	0	0	0
2	37	62240C	58	 	0	0	0	0	0	0	0	0	0	0	0	0	0	0	0	0	0	0	0	0	0	0	0	0	0	0	0	0	0	0	0
2	37	62241D	58	 	0	0	0	0	0	0	0	0	0	0	0	0	0	0	0	0	0	0	0	0	0	0	0	0	0	0	0	0	0	0	0
2	37	62242E	74	 	0	0	0	0	0	0	0	0	0	0	0	0	0	0	0	0	0	0	0	0	0	0	0	0	0	0	0	0	0	0	0
2	37	62243F	39	 	0	0	0	0	0	0	0	0	0	0	0	0	0	0	0	0	0	0	0	0	0	0	0	0	0	0	0	0	0	0	0
2	37	62244G	39	-	-	0	0	-	-	0	0	0	1	0	0	0	0	0	0	0	0	0	0	0	1	0	1	0	0	-	-	-	-	-	-
2	37	62245H	50	 	0	0	0	0	0	0	0	0	0	0	0	0	0	0	0	0	0	0	0	0	0	0	0	0	0	0	0	0	0	0	0
2	37	62246J	50	 	0	0	0	0	0	0	0	0	0	0	0	0	0	0	0	0	0	0	0	0	0	0	0	0	0	0	0	0	0	0	0
2	37	62247K	50	 	0	0	0	0	0	0	0	0	0	0	0	0	0	0	0	0	0	0	0	0	0	0	0	0	0	0	0	0	0	0	0
2	37	62248L	79	 	0	0	0	0	0	0	0	0	0	0	0	0	0	0	0	0	0	0	0	0	0	0	0	0	0	0	0	0	0	0	0
2	37	62249M	79	-	-	-	-	-	-	-	-	-	-	0	0	-	-	-	-	-	-	-	-	-	-	-	-	-	-	-	-	-	-	-	-
2	37	62250N	18	-	-	-	-	-	-	-	-	0	0	0	0	0	0	0	0	0	0	0	0	0	0	0	0	-	-	-	-	-	-	-	-
2	37	62252Q	18	 	0	0	0	0	0	0	0	0	0	0	0	0	0	0	0	0	0	0	0	0	0	0	0	0	0	0	0	0	0	0	0
2	37	62253R	55	 	0	0	0	0	0	0	0	0	0	0	0	0	0	0	0	0	0	0	0	0	0	0	0	0	0	0	0	0	0	0	0
3	37	71001A	6	 	0	0	0	0	0	0	0	0	0	0	0	0	0	0	0	0	0	0	0	0	0	0	0	0	0	0	0	0	0	0	0
3	37	71002B	6	 	0	0	0	0	0	0	0	0	0	0	0	0	0	0	0	0	0	0	0	0	0	0	0	0	0	0	0	0	0	0	0
3	37	71003C	6	-	-	-	-	-	-	1	1	1	1	1	1	1	1	1	1	1	1	1	1	1	1	1	1	1	1	-	-	-	-	-	-
3	37	71004D	6	-	-	-	-	1	1	-	-	0	0	0	1	0	1	1	1	1	0	0	0	1	1	-	-	-	-	1	0	-	-	-	-
3	37	71005E	6	 	0	0	0	0	0	0	0	0	0	0	0	0	0	0	0	0	0	0	0	0	0	0	0	0	0	0	0	0	0	0	0
3	37	71006F	6	 	0	0	0	0	0	0	0	0	0	0	0	0	0	0	0	0	0	0	0	0	0	0	0	0	0	0	0	0	0	0	0
3	37	71007G	6	 	0	0	0	0	0	0	0	0	0	0	0	0	0	0	0	0	0	0	0	0	0	0	0	0	0	0	0	0	0	0	0
3	37	71008H	6	 	0	0	0	0	0	0	0	0	0	0	0	0	0	0	0	0	0	0	0	0	0	0	0	0	0	0	0	0	0	0	0
3	37	71009J	6	 	0	0	0	0	0	0	0	0	0	0	0	0	0	0	0	0	0	0	0	0	0	0	0	0	0	0	0	0	0	0	0
3	37	71010K	6	 	 	0	0	0	0	0	0	0	0	0	0	0	0	0	0	0	0	0	0	0	0	0	0	0	0	0	0	0	0	0	0
3	37	71011L	6	 	 	0	0	0	0	0	0	0	0	0	0	0	0	0	0	0	0	0	0	0	0	0	0	0	0	0	0	0	0	0	0
3	37	71013N	6	 	 	0	0	0	0	0	0	0	0	0	0	0	0	0	0	0	0	0	0	0	0	0	0	0	0	0	0	0	0	0	0
3	37	71014P	6	 	 	0	0	0	0	0	0	0	0	0	0	0	0	0	0	0	0	0	0	0	0	0	0	0	0	0	0	0	0	0	0
3	37	71016R	11	-	-	-	-	1	1	1	1	-	-	2	1	1	2	1	1	1	1	1	2	1	1	0	1	-	-	1	1	-	-	1	1
3	37	71017S	11	 	 	0	0	0	0	0	0	0	0	0	0	0	0	0	0	0	0	0	0	0	0	0	0	0	0	0	0	0	0	0	0
3	37	71018T	11	2	1	-	-	-	-	-	-	-	-	2	2	-	-	-	-	-	-	-	-	2	2	1	0	-	-	-	-	-	-	0	0
3	37	71019V	11	 	 	0	0	0	0	0	0	0	0	0	0	0	0	0	0	0	0	0	0	0	0	0	0	0	0	0	0	0	0	0	0
3	37	71020W	11	 	 	0	0	0	0	0	0	0	0	0	0	0	0	0	0	0	0	0	0	0	0	0	0	0	0	0	0	0	0	0	0
3	37	71022Y	11	-	-	-	-	-	-	-	-	-	-	-	-	1	1	2	2	-	-	1	2	1	2	-	-	-	-	-	-	-	-	-	-
3	37	71023Z	11	 	 	0	0	0	0	0	0	0	0	0	0	0	0	0	0	0	0	0	0	0	0	0	0	0	0	0	0	0	0	0	0
3	37	71024A	14	 	0	0	0	0	0	0	0	0	0	0	0	0	0	0	0	0	0	0	0	0	0	0	0	0	0	0	0	0	0	0	0
3	37	71026C	14	-	-	-	-	-	-	-	-	2	2	1	2	1	1	1	2	1	1	1	2	2	1	1	1	-	-	-	-	-	-	-	-
3	37	71027D	14	 	0	0	0	0	0	0	0	0	0	0	0	0	0	0	0	0	0	0	0	0	0	0	0	0	0	0	0	0	0	0	0
3	37	71028E	14	 	0	0	0	0	0	0	0	0	0	0	0	0	0	0	0	0	0	0	0	0	0	0	0	0	0	0	0	0	0	0	0
3	37	71029F	14	 	0	0	0	0	0	0	0	0	0	0	0	0	0	0	0	0	0	0	0	0	0	0	0	0	0	0	0	0	0	0	0
3	37	71030G	14	 	0	0	0	0	0	0	0	0	0	0	0	0	0	0	0	0	0	0	0	0	0	0	0	0	0	0	0	0	0	0	0
3	37	71031H	14	-	-	-	-	-	-	-	-	-	-	1	1	1	1	-	-	1	1	1	0	1	1	-	-	-	-	-	-	-	-	-	-
3	37	71032J	14	-	-	1	1	-	-	0	0	-	-	0	0	0	0	0	0	0	0	0	0	0	0	0	0	0	0	-	-	0	0	1	0
3	37	71033K	14	 	 	 	0	0	0	0	0	0	0	0	0	0	0	0	0	0	0	0	0	0	0	0	0	0	0	0	0	0	0	0	0
3	37	71034L	14	 	 	0	0	0	0	0	0	0	0	0	0	0	0	0	0	0	0	0	0	0	0	0	0	0	0	0	0	0	0	0	0
3	37	71035M	19	-	-	-	-	-	-	-	-	1	1	0	1	1	0	0	0	0	0	0	1	0	1	0	0	1	0	-	-	-	-	-	-
3	37	71036N	19	 	 	0	0	0	0	0	0	0	0	0	0	0	0	0	0	0	0	0	0	0	0	0	0	0	0	0	0	0	0	0	0
3	37	71037P	19	-	-	-	-	-	-	-	-	-	-	3	3	-	-	-	-	-	-	-	-	-	-	3	3	-	-	-	-	-	-	-	-
3	37	71038Q	19	 	 	0	0	0	0	0	0	0	0	0	0	0	0	0	0	0	0	0	0	0	0	0	0	0	0	0	0	0	0	0	0
3	37	71039R	19	0	0	0	1	0	0	0	0	0	0	0	0	0	0	1	1	1	1	0	1	1	1	1	0	0	1	-	-	1	2	0	1
3	37	71041T	27	 	 	0	0	0	0	0	0	0	0	0	0	0	0	0	0	0	0	0	0	0	0	0	0	0	0	0	0	0	0	0	0
3	37	71042V	27	 	0	0	0	0	0	0	0	0	0	0	0	0	0	0	0	0	0	0	0	0	0	0	0	0	0	0	0	0	0	0	0
3	37	71043W	27	 	 	0	0	0	0	0	0	0	0	0	0	0	0	0	0	0	0	0	0	0	0	0	0	0	0	0	0	0	0	0	0
3	37	71044X	27	 	0	0	0	0	0	0	0	0	0	0	0	0	0	0	0	0	0	0	0	0	0	0	0	0	0	0	0	0	0	0	0
3	37	71045Y	27	 	0	0	0	0	0	0	0	0	0	0	0	0	0	0	0	0	0	0	0	0	0	0	0	0	0	0	0	0	0	0	0
3	37	71046Z	27	-	-	1	1	-	-	1	1	1	1	2	2	2	2	2	2	2	2	1	1	1	1	9	9	-	-	-	-	-	-	-	-
3	37	71047A	27	-	-	0	1	-	-	-	-	-	-	1	1	0	0	0	0	0	0	0	0	0	1	-	-	-	-	-	-	1	1	-	-
3	37	71048B	27	 	 	0	0	0	0	0	0	0	0	0	0	0	0	0	0	0	0	0	0	0	0	0	0	0	0	0	0	0	0	0	0
3	37	71049C	27	-	-	-	-	-	-	-	-	1	1	2	2	2	2	3	3	3	3	-	-	1	1	1	1	-	-	-	-	-	-	-	-
3	37	71050D	27	-	-	-	-	-	-	2	2	-	-	1	1	1	2	2	2	2	2	2	2	2	1	2	3	-	-	-	-	-	-	-	-
3	37	71052F	30	 	0	0	0	0	0	0	0	0	0	0	0	0	0	0	0	0	0	0	0	0	0	0	0	0	0	0	0	0	0	0	0
3	37	71053G	30	 	0	0	0	0	0	0	0	0	0	0	0	0	0	0	0	0	0	0	0	0	0	0	0	0	0	0	0	0	0	0	0
3	37	71054H	30	 	0	0	0	0	0	0	0	0	0	0	0	0	0	0	0	0	0	0	0	0	0	0	0	0	0	0	0	0	0	0	0
3	37	71056K	30	 	0	0	0	0	0	0	0	0	0	0	0	0	0	0	0	0	0	0	0	0	0	0	0	0	0	0	0	0	0	0	0
3	37	71057L	30	 	0	0	0	0	0	0	0	0	0	0	0	0	0	0	0	0	0	0	0	0	0	0	0	0	0	0	0	0	0	0	0
3	37	71058M	30	 	0	0	0	0	0	0	0	0	0	0	0	0	0	0	0	0	0	0	0	0	0	0	0	0	0	0	0	0	0	0	0
3	37	71059N	30	 	0	0	0	0	0	0	0	0	0	0	0	0	0	0	0	0	0	0	0	0	0	0	0	0	0	0	0	0	0	0	0
3	37	71060P	30	 	0	0	0	0	0	0	0	0	0	0	0	0	0	0	0	0	0	0	0	0	0	0	0	0	0	0	0	0	0	0	0
3	37	71061Q	30	-	-	-	-	9	9	-	-	0	0	1	0	0	0	0	0	0	0	0	0	0	0	0	1	1	1	9	9	-	-	-	-
3	37	71062R	30	-	-	-	-	-	-	-	-	-	-	1	0	1	1	-	-	-	-	-	-	1	1	1	1	2	2	-	-	-	-	-	-
3	37	71063S	30	 	0	0	0	0	0	0	0	0	0	0	0	0	0	0	0	0	0	0	0	0	0	0	0	0	0	0	0	0	0	0	0
3	37	71064T	35	-	-	1	1	-	-	1	1	1	1	1	2	-	-	-	-	-	-	2	2	2	2	1	1	-	-	-	-	-	-	-	-
3	37	71065V	35	 	0	0	0	0	0	0	0	0	0	0	0	0	0	0	0	0	0	0	0	0	0	0	0	0	0	0	0	0	0	0	0
3	37	71066W	35	 	0	0	0	0	0	0	0	0	0	0	0	0	0	0	0	0	0	0	0	0	0	0	0	0	0	0	0	0	0	0	0
3	37	71067X	35	-	-	-	-	0	0	0	0	-	-	0	1	0	0	0	1	0	0	0	0	0	0	0	0	0	0	0	0	1	1	-	-
3	37	71068Y	35	 	0	0	0	0	0	0	0	0	0	0	0	0	0	0	0	0	0	0	0	0	0	0	0	0	0	0	0	0	0	0	0
3	37	71069Z	35	 	0	0	0	0	0	0	0	0	0	0	0	0	0	0	0	0	0	0	0	0	0	0	0	0	0	0	0	0	0	0	0
3	37	71071B	35	-	-	-	-	-	-	-	-	-	-	1	1	0	0	1	1	1	1	1	1	2	2	-	-	-	-	-	-	-	-	-	-
3	37	71072C	38	 	0	0	0	0	0	0	0	0	0	0	0	0	0	0	0	0	0	0	0	0	0	0	0	0	0	0	0	0	0	0	0
3	37	71073D	38	 	0	0	0	0	0	0	0	0	0	0	0	0	0	0	0	0	0	0	0	0	0	0	0	0	0	0	0	0	0	0	0
3	37	71074E	38	-	-	1	2	-	-	-	-	1	1	1	1	1	1	0	1	-	-	1	1	0	1	1	1	1	1	-	-	-	-	-	-
3	37	71075F	38	 	0	0	0	0	0	0	0	0	0	0	0	0	0	0	0	0	0	0	0	0	0	0	0	0	0	0	0	0	0	0	0
3	37	71077H	38	 	0	0	0	0	0	0	0	0	0	0	0	0	0	0	0	0	0	0	0	0	0	0	0	0	0	0	0	0	0	0	0
3	37	71078J	38	 	0	0	0	0	0	0	0	0	0	0	0	0	0	0	0	0	0	0	0	0	0	0	0	0	0	0	0	0	0	0	0
3	37	71079K	38	 	0	0	0	0	0	0	0	0	0	0	0	0	0	0	0	0	0	0	0	0	0	0	0	0	0	0	0	0	0	0	0
3	37	71080L	38	 	0	0	0	0	0	0	0	0	0	0	0	0	0	0	0	0	0	0	0	0	0	0	0	0	0	0	0	0	0	0	0
3	37	71081M	38	 	0	0	0	0	0	0	0	0	0	0	0	0	0	0	0	0	0	0	0	0	0	0	0	0	0	0	0	0	0	0	0
3	37	71083P	43	 	0	0	0	0	0	0	0	0	0	0	0	0	0	0	0	0	0	0	0	0	0	0	0	0	0	0	0	0	0	0	0
3	37	71084Q	43	-	-	-	-	-	-	-	-	1	1	1	1	1	1	1	1	1	1	1	1	1	1	-	-	1	1	-	-	1	1	-	-
3	37	71085R	43	 	0	0	0	0	0	0	0	0	0	0	0	0	0	0	0	0	0	0	0	0	0	0	0	0	0	0	0	0	0	0	0
3	37	71086S	43	0	0	0	0	0	0	0	0	0	0	0	0	0	0	1	1	1	1	1	1	0	0	0	0	0	0	0	1	-	-	-	-
3	37	71087T	43	 	0	0	0	0	0	0	0	0	0	0	0	0	0	0	0	0	0	0	0	0	0	0	0	0	0	0	0	0	0	0	0
3	37	71088V	43	 	0	0	0	0	0	0	0	0	0	0	0	0	0	0	0	0	0	0	0	0	0	0	0	0	0	0	0	0	0	0	0
3	37	71089W	43	-	-	1	1	-	-	1	1	0	0	1	0	1	1	1	1	1	1	1	1	1	1	1	1	1	1	-	-	1	1	-	-
3	37	71090X	43	-	-	-	-	-	-	-	-	1	1	1	1	1	1	1	1	1	1	1	1	1	1	1	1	-	-	-	-	-	-	-	-
3	37	71091Y	43	2	2	2	1	1	1	1	1	-	-	1	0	1	0	1	1	1	1	1	1	0	0	0	1	-	-	-	-	0	1	2	2
3	37	71092Z	43	 	0	0	0	0	0	0	0	0	0	0	0	0	0	0	0	0	0	0	0	0	0	0	0	0	0	0	0	0	0	0	0
3	37	71093A	43	-	-	-	-	0	0	-	-	-	-	1	1	1	1	1	1	1	1	0	0	0	0	0	0	1	1	-	-	0	0	-	-
3	37	71094B	43	 	0	0	0	0	0	0	0	0	0	0	0	0	0	0	0	0	0	0	0	0	0	0	0	0	0	0	0	0	0	0	0
3	37	71095C	46	 	0	0	0	0	0	0	0	0	0	0	0	0	0	0	0	0	0	0	0	0	0	0	0	0	0	0	0	0	0	0	0
3	37	71097E	46	-	-	-	-	-	-	-	-	1	0	0	1	0	0	0	0	0	0	2	0	0	0	0	0	0	0	-	-	-	-	-	-
3	37	71099G	46	 	0	0	0	0	0	0	0	0	0	0	0	0	0	0	0	0	0	0	0	0	0	0	0	0	0	0	0	0	0	0	0
3	37	71100H	46	 	0	0	0	0	0	0	0	0	0	0	0	0	0	0	0	0	0	0	0	0	0	0	0	0	0	0	0	0	0	0	0
3	37	71101J	46	-	-	-	-	-	-	-	-	1	1	0	0	1	0	0	0	0	0	1	0	0	0	1	1	-	-	-	-	-	-	-	-
3	37	71102K	46	-	-	-	-	-	-	1	0	0	0	0	0	0	0	0	0	1	0	0	0	0	0	1	0	0	0	-	-	-	-	-	-
3	37	71103L	46	1	1	-	-	-	-	0	1	0	0	0	0	0	1	0	0	0	0	0	0	0	0	0	0	-	-	-	-	-	-	1	1
3	37	71104M	46	-	-	0	0	-	-	-	-	-	-	0	0	0	0	0	0	0	0	0	1	1	0	0	0	-	-	-	-	-	-	-	-
3	37	71105N	46	 	0	0	0	0	0	0	0	0	0	0	0	0	0	0	0	0	0	0	0	0	0	0	0	0	0	0	0	0	0	0	0
3	37	71107Q	46	-	-	0	0	-	-	0	0	0	0	0	0	0	0	0	0	0	0	0	0	0	0	0	0	0	0	0	0	0	0	-	-
3	37	71108R	51	 	0	0	0	0	0	0	0	0	0	0	0	0	0	0	0	0	0	0	0	0	0	0	0	0	0	0	0	0	0	0	0
3	37	71109S	51	 	0	0	0	0	0	0	0	0	0	0	0	0	0	0	0	0	0	0	0	0	0	0	0	0	0	0	0	0	0	0	0
3	37	71112W	51	-	-	-	-	-	-	1	1	1	1	1	0	0	1	-	-	-	-	2	0	1	1	-	-	-	-	-	-	-	-	-	-
3	37	71113X	51	 	0	0	0	0	0	0	0	0	0	0	0	0	0	0	0	0	0	0	0	0	0	0	0	0	0	0	0	0	0	0	0
3	37	71114Y	51	 	0	0	0	0	0	0	0	0	0	0	0	0	0	0	0	0	0	0	0	0	0	0	0	0	0	0	0	0	0	0	0
3	37	71116A	51	-	-	-	-	-	-	-	-	-	-	2	2	-	-	-	-	-	-	-	-	-	-	3	2	-	-	-	-	-	-	-	-
3	37	71118C	54	 	0	0	0	0	0	0	0	0	0	0	0	0	0	0	0	0	0	0	0	0	0	0	0	0	0	0	0	0	0	0	0
3	37	71119D	54	 	0	0	0	0	0	0	0	0	0	0	0	0	0	0	0	0	0	0	0	0	0	0	0	0	0	0	0	0	0	0	0
3	37	71120E	54	 	0	0	0	0	0	0	0	0	0	0	0	0	0	0	0	0	0	0	0	0	0	0	0	0	0	0	0	0	0	0	0
3	37	71121F	54	-	-	-	-	-	-	1	1	1	0	1	1	-	-	-	-	-	-	-	-	0	1	1	0	-	-	-	-	-	-	-	-
3	37	71122G	54	 	0	0	0	0	0	0	0	0	0	0	0	0	0	0	0	0	0	0	0	0	0	0	0	0	0	0	0	0	0	0	0
3	37	71123H	54	-	-	-	-	2	1	2	1	1	1	-	-	-	-	-	-	-	-	-	-	-	-	1	1	-	-	2	3	2	2	-	-
3	37	71124J	54	 	0	0	0	0	0	0	0	0	0	0	0	0	0	0	0	0	0	0	0	0	0	0	0	0	0	0	0	0	0	0	0
3	37	71125K	54	1	1	0	1	1	1	1	1	0	0	0	0	0	0	0	1	0	0	0	1	0	0	1	1	1	1	-	-	0	0	1	1
3	37	71126L	54	-	-	-	-	-	-	-	-	-	-	3	1	1	1	2	1	1	1	2	1	1	1	2	2	-	-	-	-	-	-	-	-
3	37	71127M	54	-	-	-	-	-	-	-	-	-	-	1	1	1	1	0	1	0	0	2	2	2	2	2	3	1	4	-	-	-	-	-	-
3	37	71128N	54	 	0	0	0	0	0	0	0	0	0	0	0	0	0	0	0	0	0	0	0	0	0	0	0	0	0	0	0	0	0	0	0
3	37	71129P	54	 	0	0	0	0	0	0	0	0	0	0	0	0	0	0	0	0	0	0	0	0	0	0	0	0	0	0	0	0	0	0	0
3	37	71130Q	59	 	0	0	0	0	0	0	0	0	0	0	0	0	0	0	0	0	0	0	0	0	0	0	0	0	0	0	0	0	0	0	0
3	37	71131R	62	 	0	0	0	0	0	0	0	0	0	0	0	0	0	0	0	0	0	0	0	0	0	0	0	0	0	0	0	0	0	0	0
3	37	71132S	62	-	-	1	1	-	-	1	1	0	0	1	1	1	1	1	1	1	1	1	1	0	1	-	-	0	0	0	0	1	1	-	-
3	37	71133T	62	-	-	0	0	-	-	0	0	0	0	0	0	0	0	0	0	0	0	-	-	0	0	0	1	-	-	-	-	-	-	0	1
3	37	71134V	62	3	2	1	1	-	-	1	1	1	1	1	1	1	1	1	1	1	1	1	0	1	0	1	1	1	1	-	-	1	1	1	1
3	37	71135W	62	-	-	-	-	-	-	-	-	-	-	4	4	-	-	-	-	-	-	-	-	4	4	4	4	-	-	-	-	-	-	-	-
3	37	71136X	62	 	 	 	 	 	 	 	 	 	 	 	 	 	 	 	 	 	 	 	 	 	 	 	 	 	 	 	 	 	 	 	 
3	37	71137Y	62	-	-	0	1	-	-	0	1	0	0	1	0	1	1	0	0	0	0	0	0	0	0	0	0	-	-	-	-	-	-	-	-
3	37	71138Z	62	 	0	0	0	0	0	0	0	0	0	0	0	0	0	0	0	0	0	0	0	0	0	0	0	0	0	0	0	0	0	0	0
3	37	71139A	62	 	0	0	0	0	0	0	0	0	0	0	0	0	0	0	0	0	0	0	0	0	0	0	0	0	0	0	0	0	0	0	0
3	37	71140B	62	 	0	0	0	0	0	0	0	0	0	0	0	0	0	0	0	0	0	0	0	0	0	0	0	0	0	0	0	0	0	0	0
3	37	71141C	67	-	-	-	-	-	-	9	9	1	1	1	1	1	2	2	1	2	1	2	2	1	1	1	1	-	-	1	1	2	1	1	1
3	37	71142D	67	 	0	0	0	0	0	0	0	0	0	0	0	0	0	0	0	0	0	0	0	0	0	0	0	0	0	0	0	0	0	0	0
3	37	71143E	67	0	0	0	0	-	-	2	1	1	1	1	1	1	1	1	1	1	1	1	1	1	1	0	1	1	1	-	-	1	1	-	-
3	37	71144F	67	-	-	-	-	-	-	-	-	-	-	-	-	-	-	-	-	-	-	-	-	2	2	-	-	-	-	-	-	-	-	-	-
3	37	71145G	67	 	0	0	0	0	0	0	0	0	0	0	0	0	0	0	0	0	0	0	0	0	0	0	0	0	0	0	0	0	0	0	0
3	37	71146H	70	-	-	-	-	-	-	-	-	1	1	2	2	-	-	-	-	-	-	-	-	3	2	1	2	3	3	-	-	-	-	-	-
3	37	71147J	70	9	9	-	-	-	-	-	-	-	-	0	2	-	-	-	-	-	-	-	-	1	1	1	1	-	-	-	-	-	-	-	-
3	37	71148K	70	 	0	0	0	0	0	0	0	0	0	0	0	0	0	0	0	0	0	0	0	0	0	0	0	0	0	0	0	0	0	0	0
3	37	71149L	70	 	0	0	0	0	0	0	0	0	0	0	0	0	0	0	0	0	0	0	0	0	0	0	0	0	0	0	0	0	0	0	0
3	37	71151N	70	-	-	1	1	-	-	1	0	0	1	1	1	1	1	1	1	1	1	1	0	1	1	-	-	1	1	-	-	-	-	1	1
3	37	71152P	70	 	0	0	0	0	0	0	0	0	0	0	0	0	0	0	0	0	0	0	0	0	0	0	0	0	0	0	0	0	0	0	0
3	37	71153Q	70	 	0	0	0	0	0	0	0	0	0	0	0	0	0	0	0	0	0	0	0	0	0	0	0	0	0	0	0	0	0	0	0
3	37	71154R	70	1	0	-	-	-	-	1	0	0	1	1	0	0	0	0	0	0	0	0	0	1	1	1	1	1	1	-	-	-	-	9	9
3	37	71155S	70	-	-	-	-	-	-	-	-	-	-	0	0	0	0	0	0	0	0	1	0	1	1	2	1	-	-	-	-	1	1	-	-
3	37	71156T	70	 	0	0	0	0	0	0	0	0	0	0	0	0	0	0	0	0	0	0	0	0	0	0	0	0	0	0	0	0	0	0	0
3	37	71157V	75	 	0	0	0	0	0	0	0	0	0	0	0	0	0	0	0	0	0	0	0	0	0	0	0	0	0	0	0	0	0	0	0
3	37	71158W	75	 	0	0	0	0	0	0	0	0	0	0	0	0	0	0	0	0	0	0	0	0	0	0	0	0	0	0	0	0	0	0	0
3	37	71159X	75	 	 	0	0	0	0	0	0	0	0	0	0	0	0	0	0	0	0	0	0	0	0	0	0	0	0	0	0	0	0	0	0
3	37	71160Y	75	1	1	1	2	-	-	0	0	1	1	1	2	3	3	1	1	3	2	1	1	3	2	1	1	1	1	-	-	1	1	-	-
3	37	71161Z	75	1	1	-	-	1	1	1	1	1	1	1	1	2	1	1	1	1	1	1	1	1	1	1	1	1	2	2	2	1	1	1	2
3	37	71162A	75	 	0	0	0	0	0	0	0	0	0	0	0	0	0	0	0	0	0	0	0	0	0	0	0	0	0	0	0	0	0	0	0
3	37	71163B	75	 	0	0	0	0	0	0	0	0	0	0	0	0	0	0	0	0	0	0	0	0	0	0	0	0	0	0	0	0	0	0	0
3	37	71164C	75	 	0	0	0	0	0	0	0	0	0	0	0	0	0	0	0	0	0	0	0	0	0	0	0	0	0	0	0	0	0	0	0
3	37	71165D	75	 	0	0	0	0	0	0	0	0	0	0	0	0	0	0	0	0	0	0	0	0	0	0	0	0	0	0	0	0	0	0	0
3	37	71166E	75	 	0	0	0	0	0	0	0	0	0	0	0	0	0	0	0	0	0	0	0	0	0	0	0	0	0	0	0	0	0	0	0
3	37	71167F	78	0	0	1	0	-	-	-	-	1	1	1	0	0	1	0	1	1	1	0	0	0	1	1	1	1	0	1	1	-	-	-	-
3	37	71168G	78	 	0	0	0	0	0	0	0	0	0	0	0	0	0	0	0	0	0	0	0	0	0	0	0	0	0	0	0	0	0	0	0
3	37	71169H	78	-	-	0	1	1	1	-	-	1	0	0	0	0	0	0	0	0	0	0	0	0	0	0	1	1	1	0	1	1	1	-	-
3	37	71170J	78	-	-	-	-	-	-	-	-	0	0	0	0	0	0	1	1	1	1	1	1	1	0	1	1	1	1	1	1	0	0	-	-
3	37	71171K	78	-	-	0	0	0	0	-	-	0	0	0	0	0	0	0	0	0	0	0	0	0	0	0	0	-	-	0	0	1	0	-	-
3	37	71172L	3	 	0	0	0	0	0	0	0	0	0	0	0	0	0	0	0	0	0	0	0	0	0	0	0	0	0	0	0	0	0	0	0
3	37	71173M	3	 	0	0	0	0	0	0	0	0	0	0	0	0	0	0	0	0	0	0	0	0	0	0	0	0	0	0	0	0	0	0	0
3	37	71174N	3	 	0	0	0	0	0	0	0	0	0	0	0	0	0	0	0	0	0	0	0	0	0	0	0	0	0	0	0	0	0	0	0
3	37	71175P	3	-	-	-	-	-	-	-	-	0	1	0	0	1	0	0	0	0	0	0	0	0	0	0	0	0	0	-	-	-	-	-	-
3	37	71176Q	3	-	-	-	-	2	2	1	1	1	1	1	1	1	0	1	1	1	1	1	1	1	1	0	1	1	1	1	1	-	-	-	-
3	37	71178S	3	 	0	0	0	0	0	0	0	0	0	0	0	0	0	0	0	0	0	0	0	0	0	0	0	0	0	0	0	0	0	0	0
3	37	71179T	3	 	0	0	0	0	0	0	0	0	0	0	0	0	0	0	0	0	0	0	0	0	0	0	0	0	0	0	0	0	0	0	0
3	37	71235E	22	 	0	0	0	0	0	0	0	0	0	0	0	0	0	0	0	0	0	0	0	0	0	0	0	0	0	0	0	0	0	0	0
3	37	71236F	22	 	0	0	0	0	0	0	0	0	0	0	0	0	0	0	0	0	0	0	0	0	0	0	0	0	0	0	0	0	0	0	0
3	37	71237G	22	 	0	0	0	0	0	0	0	0	0	0	0	0	0	0	0	0	0	0	0	0	0	0	0	0	0	0	0	0	0	0	0
3	37	71238H	22	-	-	-	-	-	-	-	-	-	-	1	2	-	-	-	-	-	-	-	-	-	-	-	-	-	-	-	-	-	-	-	-
3	37	71239J	22	0	1	0	1	-	-	0	0	0	0	1	1	0	0	1	1	0	1	1	0	0	0	0	1	1	1	-	-	-	-	-	-
3	37	71240K	22	 	 	0	0	0	0	0	0	0	0	0	0	0	0	0	0	0	0	0	0	0	0	0	0	0	0	0	0	0	0	0	0
3	37	71241L	22	-	-	-	-	-	-	-	-	1	1	1	1	1	1	1	1	2	3	2	1	1	1	-	-	1	1	-	-	1	1	-	-
3	37	71242M	22	 	0	0	0	0	0	0	0	0	0	0	0	0	0	0	0	0	0	0	0	0	0	0	0	0	0	0	0	0	0	0	0
3	37	71243N	59	 	0	0	0	0	0	0	0	0	0	0	0	0	0	0	0	0	0	0	0	0	0	0	0	0	0	0	0	0	0	0	0
3	37	71244P	59	-	-	2	1	-	-	-	-	1	1	0	0	1	2	1	1	1	1	2	0	1	0	1	1	-	-	-	-	-	-	-	-
3	37	71245Q	19	-	-	-	-	-	-	-	-	-	-	0	0	1	2	2	3	2	3	3	3	3	2	-	-	-	-	-	-	-	-	-	-
3	37	71246R	67	-	-	1	1	1	1	1	1	-	-	0	1	0	1	0	0	0	1	0	1	1	0	-	-	1	1	1	1	1	1	1	0
3	37	71247S	67	1	0	0	0	0	0	0	0	0	0	0	0	1	0	0	0	1	0	1	0	1	0	1	0	0	0	1	1	1	0	1	1
3	37	71249V	19	 	0	0	0	0	0	0	0	0	0	0	0	0	0	0	0	0	0	0	0	0	0	0	0	0	0	0	0	0	0	0	0
3	37	71250W	22	 	0	0	0	0	0	0	0	0	0	0	0	0	0	0	0	0	0	0	0	0	0	0	0	0	0	0	0	0	0	0	0
3	37	71251X	22	 	0	0	0	0	0	0	0	0	0	0	0	0	0	0	0	0	0	0	0	0	0	0	0	0	0	0	0	0	0	0	0
3	37	71252Y	67	 	0	0	0	0	0	0	0	0	0	0	0	0	0	0	0	0	0	0	0	0	0	0	0	0	0	0	0	0	0	0	0
3	37	71253Z	67	 	0	0	0	0	0	0	0	0	0	0	0	0	0	0	0	0	0	0	0	0	0	0	0	0	0	0	0	0	0	0	0
3	37	71254A	67	 	0	0	0	0	0	0	0	0	0	0	0	0	0	0	0	0	0	0	0	0	0	0	0	0	0	0	0	0	0	0	0
3	37	71255B	67	-	-	-	-	-	-	-	-	-	-	2	3	-	-	-	-	-	-	-	-	3	2	-	-	-	-	-	-	-	-	-	-
3	37	71268Q	27	 	0	0	0	0	0	0	0	0	0	0	0	0	0	0	0	0	0	0	0	0	0	0	0	0	0	0	0	0	0	0	0
3	37	71269R	27	 	0	0	0	0	0	0	0	0	0	0	0	0	0	0	0	0	0	0	0	0	0	0	0	0	0	0	0	0	0	0	0
3	37	71270S	38	 	0	0	0	0	0	0	0	0	0	0	0	0	0	0	0	0	0	0	0	0	0	0	0	0	0	0	0	0	0	0	0
3	37	72180G	3	 	0	0	0	0	0	0	0	0	0	0	0	0	0	0	0	0	0	0	0	0	0	0	0	0	0	0	0	0	0	0	0
3	37	72181H	3	 	0	0	0	0	0	0	0	0	0	0	0	0	0	0	0	0	0	0	0	0	0	0	0	0	0	0	0	0	0	0	0
3	37	72182J	3	 	0	0	0	0	0	0	0	0	0	0	0	0	0	0	0	0	0	0	0	0	0	0	0	0	0	0	0	0	0	0	0
3	37	72183K	3	 	0	0	0	0	0	0	0	0	0	0	0	0	0	0	0	0	0	0	0	0	0	0	0	0	0	0	0	0	0	0	0
3	37	72184L	3	1	1	1	2	-	-	1	1	1	0	1	0	1	0	1	1	1	1	0	1	0	0	0	0	2	2	-	-	-	-	-	-
3	37	72185M	6	 	0	0	0	0	0	0	0	0	0	0	0	0	0	0	0	0	0	0	0	0	0	0	0	0	0	0	0	0	0	0	0
3	37	72186N	6	 	0	0	0	0	0	0	0	0	0	0	0	0	0	0	0	0	0	0	0	0	0	0	0	0	0	0	0	0	0	0	0
3	37	72187P	11	-	-	-	-	-	-	-	-	-	-	-	-	2	2	3	2	3	2	2	3	-	-	2	2	-	-	-	-	-	-	-	-
3	37	72188Q	11	 	 	 	 	 	 	 	 	 	 	 	 	 	 	 	 	 	 	 	 	 	 	 	 	 	 	 	 	 	 	 	 
3	37	72189R	11	 	0	0	0	0	0	0	0	0	0	0	0	0	0	0	0	0	0	0	0	0	0	0	0	0	0	0	0	0	0	0	0
3	37	72190S	11	 	0	0	0	0	0	0	0	0	0	0	0	0	0	0	0	0	0	0	0	0	0	0	0	0	0	0	0	0	0	0	0
3	37	72191T	14	 	0	0	0	0	0	0	0	0	0	0	0	0	0	0	0	0	0	0	0	0	0	0	0	0	0	0	0	0	0	0	0
3	37	72192V	14	 	0	0	0	0	0	0	0	0	0	0	0	0	0	0	0	0	0	0	0	0	0	0	0	0	0	0	0	0	0	0	0
3	37	72193W	14	 	0	0	0	0	0	0	0	0	0	0	0	0	0	0	0	0	0	0	0	0	0	0	0	0	0	0	0	0	0	0	0
3	37	72194X	22	 	0	0	0	0	0	0	0	0	0	0	0	0	0	0	0	0	0	0	0	0	0	0	0	0	0	0	0	0	0	0	0
3	37	72195Y	22	-	-	-	-	-	-	1	1	-	-	1	1	1	1	1	1	1	1	1	1	1	1	1	1	1	1	-	-	-	-	2	2
3	37	72196Z	22	 	 	0	0	0	0	0	0	0	0	0	0	0	0	0	0	0	0	0	0	0	0	0	0	0	0	0	0	0	0	0	0
3	37	72197A	22	-	-	-	-	-	-	-	-	1	1	-	-	1	1	2	1	1	1	0	1	0	1	1	1	-	-	-	-	-	-	-	-
3	37	72198B	22	 	0	0	0	0	0	0	0	0	0	0	0	0	0	0	0	0	0	0	0	0	0	0	0	0	0	0	0	0	0	0	0
3	37	72199C	27	 	0	0	0	0	0	0	0	0	0	0	0	0	0	0	0	0	0	0	0	0	0	0	0	0	0	0	0	0	0	0	0
3	37	72200D	27	 	0	0	0	0	0	0	0	0	0	0	0	0	0	0	0	0	0	0	0	0	0	0	0	0	0	0	0	0	0	0	0
3	37	72201E	30	 	0	0	0	0	0	0	0	0	0	0	0	0	0	0	0	0	0	0	0	0	0	0	0	0	0	0	0	0	0	0	0
3	37	72202F	35	 	0	0	0	0	0	0	0	0	0	0	0	0	0	0	0	0	0	0	0	0	0	0	0	0	0	0	0	0	0	0	0
3	37	72203G	35	 	0	0	0	0	0	0	0	0	0	0	0	0	0	0	0	0	0	0	0	0	0	0	0	0	0	0	0	0	0	0	0
3	37	72204H	35	 	0	0	0	0	0	0	0	0	0	0	0	0	0	0	0	0	0	0	0	0	0	0	0	0	0	0	0	0	0	0	0
3	37	72205J	38	 	0	0	0	0	0	0	0	0	0	0	0	0	0	0	0	0	0	0	0	0	0	0	0	0	0	0	0	0	0	0	0
3	37	72206K	46	 	0	0	0	0	0	0	0	0	0	0	0	0	0	0	0	0	0	0	0	0	0	0	0	0	0	0	0	0	0	0	0
3	37	72207L	46	-	-	-	-	-	-	-	-	0	1	0	1	1	2	2	2	2	1	1	1	1	0	1	0	-	-	-	-	-	-	-	-
3	37	72208M	46	-	-	-	-	-	-	-	-	-	-	0	0	0	0	0	0	0	1	1	0	0	0	-	-	-	-	-	-	-	-	-	-
3	37	72209N	54	 	0	0	0	0	0	0	0	0	0	0	0	0	0	0	0	0	0	0	0	0	0	0	0	0	0	0	0	0	0	0	0
3	37	72210P	54	 	0	0	0	0	0	0	0	0	0	0	0	0	0	0	0	0	0	0	0	0	0	0	0	0	0	0	0	0	0	0	0
3	37	72211Q	59	 	0	0	0	0	0	0	0	0	0	0	0	0	0	0	0	0	0	0	0	0	0	0	0	0	0	0	0	0	0	0	0
3	37	72212R	59	 	0	0	0	0	0	0	0	0	0	0	0	0	0	0	0	0	0	0	0	0	0	0	0	0	0	0	0	0	0	0	0
3	37	72213S	62	 	0	0	0	0	0	0	0	0	0	0	0	0	0	0	0	0	0	0	0	0	0	0	0	0	0	0	0	0	0	0	0
3	37	72214T	62	-	-	-	-	-	-	-	-	3	3	3	3	4	4	-	-	-	-	-	-	4	3	3	3	-	-	-	-	-	-	-	-
3	37	72215V	75	 	0	0	0	0	0	0	0	0	0	0	0	0	0	0	0	0	0	0	0	0	0	0	0	0	0	0	0	0	0	0	0
3	37	72217X	75	 	0	0	0	0	0	0	0	0	0	0	0	0	0	0	0	0	0	0	0	0	0	0	0	0	0	0	0	0	0	0	0
3	37	72220A	78	 	0	0	0	0	0	0	0	0	0	0	0	0	0	0	0	0	0	0	0	0	0	0	0	0	0	0	0	0	0	0	0
3	37	72221B	30	 	0	0	0	0	0	0	0	0	0	0	0	0	0	0	0	0	0	0	0	0	0	0	0	0	0	0	0	0	0	0	0
3	37	72222C	30	-	-	-	-	1	2	0	0	1	1	0	0	0	1	1	1	1	0	1	1	0	0	1	1	2	2	-	-	-	-	-	-
3	37	72223D	30	 	0	0	0	0	0	0	0	0	0	0	0	0	0	0	0	0	0	0	0	0	0	0	0	0	0	0	0	0	0	0	0
3	37	72224E	35	-	-	9	9	-	-	-	-	9	9	1	1	1	1	1	1	1	2	1	1	0	1	-	-	1	1	-	-	1	1	-	-
3	37	72225F	35	 	0	0	0	0	0	0	0	0	0	0	0	0	0	0	0	0	0	0	0	0	0	0	0	0	0	0	0	0	0	0	0
3	37	72226G	35	 	0	0	0	0	0	0	0	0	0	0	0	0	0	0	0	0	0	0	0	0	0	0	0	0	0	0	0	0	0	0	0
3	37	72227H	43	-	-	9	9	-	-	-	-	-	-	0	0	0	1	1	2	-	-	-	-	-	-	-	-	-	-	-	-	0	1	-	-
3	37	72228J	51	 	0	0	0	0	0	0	0	0	0	0	0	0	0	0	0	0	0	0	0	0	0	0	0	0	0	0	0	0	0	0	0
3	37	72229K	51	 	0	0	0	0	0	0	0	0	0	0	0	0	0	0	0	0	0	0	0	0	0	0	0	0	0	0	0	0	0	0	0
3	37	72230L	51	 	0	0	0	0	0	0	0	0	0	0	0	0	0	0	0	0	0	0	0	0	0	0	0	0	0	0	0	0	0	0	0
3	37	72231M	43	 	0	0	0	0	0	0	0	0	0	0	0	0	0	0	0	0	0	0	0	0	0	0	0	0	0	0	0	0	0	0	0
3	37	72232N	43	 	0	0	0	0	0	0	0	0	0	0	0	0	0	0	0	0	0	0	0	0	0	0	0	0	0	0	0	0	0	0	0
3	37	72233P	59	 	0	0	0	0	0	0	0	0	0	0	0	0	0	0	0	0	0	0	0	0	0	0	0	0	0	0	0	0	0	0	0
3	37	72234Q	75	 	0	0	0	0	0	0	0	0	0	0	0	0	0	0	0	0	0	0	0	0	0	0	0	0	0	0	0	0	0	0	0
3	37	72260T	38	-	-	-	-	1	1	-	-	1	1	1	1	1	1	1	1	1	2	2	2	2	2	-	-	1	1	1	1	-	-	-	-
3	37	72262W	67	 	0	0	0	0	0	0	0	0	0	0	0	0	0	0	0	0	0	0	0	0	0	0	0	0	0	0	0	0	0	0	0
3	37	72263X	67	 	0	0	0	0	0	0	0	0	0	0	0	0	0	0	0	0	0	0	0	0	0	0	0	0	0	0	0	0	0	0	0
3	37	72264Y	70	 	0	0	0	0	0	0	0	0	0	0	0	0	0	0	0	0	0	0	0	0	0	0	0	0	0	0	0	0	0	0	0
3	37	72265Z	70	-	-	-	-	-	-	-	-	1	1	1	1	1	2	1	2	1	1	1	0	1	1	-	-	-	-	-	-	-	-	-	-
3	37	72266A	70	 	0	0	0	0	0	0	0	0	0	0	0	0	0	0	0	0	0	0	0	0	0	0	0	0	0	0	0	0	0	0	0
3	37	72274J	35	 	0	0	0	0	0	0	0	0	0	0	0	0	0	0	0	0	0	0	0	0	0	0	0	0	0	0	0	0	0	0	0
3	37	72275K	35	 	0	0	0	0	0	0	0	0	0	0	0	0	0	0	0	0	0	0	0	0	0	0	0	0	0	0	0	0	0	0	0
3	37	72276L	38	-	-	-	-	1	1	-	-	0	0	0	0	0	0	0	0	0	0	0	0	0	0	0	0	0	1	1	1	-	-	-	-
4	37	71257D	3	 	0	0	0	0	0	0	0	0	0	0	0	0	0	0	0	0	0	0	0	0	0	0	0	0	0	0	0	0	0	0	0
4	37	71258E	3	 	0	0	0	0	0	0	0	0	0	0	0	0	0	0	0	0	0	0	0	0	0	0	0	0	0	0	0	0	0	0	0
4	37	71259F	3	 	0	0	0	0	0	0	0	0	0	0	0	0	0	0	0	0	0	0	0	0	0	0	0	0	0	0	0	0	0	0	0
4	37	71272V	62	2	2	2	2	-	-	2	2	2	2	2	2	2	2	2	2	2	1	2	2	1	2	2	2	-	-	-	-	2	2	2	2
4	37	81001V	4	 	 	0	0	0	0	0	0	0	0	0	0	0	0	0	0	0	0	0	0	0	0	0	0	0	0	0	0	0	0	0	0
4	37	81002W	4	 	0	0	0	0	0	0	0	0	0	0	0	0	0	0	0	0	0	0	0	0	0	0	0	0	0	0	0	0	0	0	0
4	37	81003X	4	-	-	0	0	-	-	-	-	0	0	0	0	0	0	0	0	0	0	0	0	0	0	0	0	0	0	-	-	-	-	-	-
4	37	81004Y	4	 	0	0	0	0	0	0	0	0	0	0	0	0	0	0	0	0	0	0	0	0	0	0	0	0	0	0	0	0	0	0	0
4	37	81005Z	4	 	0	0	0	0	0	0	0	0	0	0	0	0	0	0	0	0	0	0	0	0	0	0	0	0	0	0	0	0	0	0	0
4	37	81006A	4	-	-	1	1	0	0	1	1	0	2	1	9	1	1	0	0	0	0	0	1	1	0	0	0	0	0	-	-	-	-	-	-
4	37	81007B	4	-	-	0	1	-	-	1	0	0	0	0	0	0	0	0	1	1	1	1	0	0	0	0	0	0	1	-	-	1	0	0	0
4	37	81008C	4	 	 	0	0	0	0	0	0	0	0	0	0	0	0	0	0	0	0	0	0	0	0	0	0	0	0	0	0	0	0	0	0
4	37	81009D	4	 	0	0	0	0	0	0	0	0	0	0	0	0	0	0	0	0	0	0	0	0	0	0	0	0	0	0	0	0	0	0	0
4	37	81012G	5	 	0	0	0	0	0	0	0	0	0	0	0	0	0	0	0	0	0	0	0	0	0	0	0	0	0	0	0	0	0	0	0
4	37	81014J	5	 	0	0	0	0	0	0	0	0	0	0	0	0	0	0	0	0	0	0	0	0	0	0	0	0	0	0	0	0	0	0	0
4	37	81015K	5	 	0	0	0	0	0	0	0	0	0	0	0	0	0	0	0	0	0	0	0	0	0	0	0	0	0	0	0	0	0	0	0
4	37	81016L	5	 	0	0	0	0	0	0	0	0	0	0	0	0	0	0	0	0	0	0	0	0	0	0	0	0	0	0	0	0	0	0	0
4	37	81017M	5	2	1	-	-	1	1	1	1	-	-	1	-	1	1	1	1	1	1	1	2	0	1	1	1	1	2	-	-	-	-	1	1
4	37	81018N	5	 	 	0	0	0	0	0	0	0	0	0	0	0	0	0	0	0	0	0	0	0	0	0	0	0	0	0	0	0	0	0	0
4	37	81020Q	12	 	 	0	0	0	0	0	0	0	0	0	0	0	0	0	0	0	0	0	0	0	0	0	0	0	0	0	0	0	0	0	0
4	37	81021R	12	-	-	-	-	-	-	-	-	1	1	1	2	2	2	1	2	2	1	1	1	1	2	1	1	-	-	-	-	-	-	-	-
4	37	81022S	12	 	 	0	0	0	0	0	0	0	0	0	0	0	0	0	0	0	0	0	0	0	0	0	0	0	0	0	0	0	0	0	0
4	37	81023T	12	 	 	0	0	0	0	0	0	0	0	0	0	0	0	0	0	0	0	0	0	0	0	0	0	0	0	0	0	0	0	0	0
4	37	81024V	12	 	0	0	0	0	0	0	0	0	0	0	0	0	0	0	0	0	0	0	0	0	0	0	0	0	0	0	0	0	0	0	0
4	37	81025W	12	 	0	0	0	0	0	0	0	0	0	0	0	0	0	0	0	0	0	0	0	0	0	0	0	0	0	0	0	0	0	0	0
4	37	81026X	12	-	-	-	-	-	-	-	-	2	2	2	3	-	-	-	-	-	-	-	-	2	2	2	1	-	-	2	2	-	-	-	-
4	37	81027Y	12	-	-	-	-	-	-	1	1	1	1	1	1	1	1	1	1	1	1	1	1	1	1	-	-	-	-	-	-	-	-	-	-
4	37	81028Z	12	-	-	-	-	1	0	1	1	0	0	1	1	0	1	1	0	1	1	1	0	0	0	0	1	1	1	1	1	-	-	0	1
4	37	81029A	12	-	-	-	-	-	-	-	-	-	-	2	1	1	1	2	2	1	1	1	1	1	1	1	1	-	-	-	-	-	-	-	-
4	37	81030B	12	 	0	0	0	0	0	0	0	0	0	0	0	0	0	0	0	0	0	0	0	0	0	0	0	0	0	0	0	0	0	0	0
4	37	81032D	13	 	0	0	0	0	0	0	0	0	0	0	0	0	0	0	0	0	0	0	0	0	0	0	0	0	0	0	0	0	0	0	0
4	37	81033E	13	 	0	0	0	0	0	0	0	0	0	0	0	0	0	0	0	0	0	0	0	0	0	0	0	0	0	0	0	0	0	0	0
4	37	81034F	13	 	0	0	0	0	0	0	0	0	0	0	0	0	0	0	0	0	0	0	0	0	0	0	0	0	0	0	0	0	0	0	0
4	37	81037J	13	 	0	0	0	0	0	0	0	0	0	0	0	0	0	0	0	0	0	0	0	0	0	0	0	0	0	0	0	0	0	0	0
4	37	81038K	13	 	0	0	0	0	0	0	0	0	0	0	0	0	0	0	0	0	0	0	0	0	0	0	0	0	0	0	0	0	0	0	0
4	37	81039L	13	-	-	-	-	-	-	-	-	-	-	2	2	2	2	-	-	2	2	2	2	2	2	-	-	-	-	-	-	2	3	-	-
4	37	81041N	13	-	-	-	-	-	-	2	1	1	1	0	0	1	1	2	2	2	2	2	1	1	1	1	1	-	-	-	-	-	-	-	-
4	37	81042P	20	1	1	-	-	-	-	1	1	1	1	1	1	1	2	1	2	1	2	2	2	1	2	1	2	-	-	-	-	-	-	-	-
4	37	81043Q	20	-	-	-	-	-	-	2	1	-	-	1	1	1	1	0	0	1	1	1	1	0	0	1	1	1	1	-	-	-	-	1	1
4	37	81044R	20	-	-	0	0	-	-	-	-	1	1	0	0	0	0	0	0	0	0	0	0	0	0	1	0	0	0	-	-	-	-	0	1
4	37	81045S	20	 	0	0	0	0	0	0	0	0	0	0	0	0	0	0	0	0	0	0	0	0	0	0	0	0	0	0	0	0	0	0	0
4	37	81046T	20	 	0	0	0	0	0	0	0	0	0	0	0	0	0	0	0	0	0	0	0	0	0	0	0	0	0	0	0	0	0	0	0
4	37	81047V	21	 	0	0	0	0	0	0	0	0	0	0	0	0	0	0	0	0	0	0	0	0	0	0	0	0	0	0	0	0	0	0	0
4	37	81048W	21	 	0	0	0	0	0	0	0	0	0	0	0	0	0	0	0	0	0	0	0	0	0	0	0	0	0	0	0	0	0	0	0
4	37	81049X	21	 	0	0	0	0	0	0	0	0	0	0	0	0	0	0	0	0	0	0	0	0	0	0	0	0	0	0	0	0	0	0	0
4	37	81050Y	21	-	-	-	-	-	-	-	-	-	-	0	0	0	0	0	0	0	0	0	0	0	0	0	0	-	-	-	-	-	-	-	-
4	37	81051Z	21	 	0	0	0	0	0	0	0	0	0	0	0	0	0	0	0	0	0	0	0	0	0	0	0	0	0	0	0	0	0	0	0
4	37	81055D	21	1	1	-	-	-	-	1	1	1	1	1	1	1	1	1	1	1	1	0	1	1	1	1	1	1	1	-	-	1	1	-	-
4	37	81056E	21	-	-	-	-	-	-	-	-	-	-	-	-	1	1	-	-	1	1	1	1	1	1	-	-	-	-	-	-	-	-	-	-
4	37	81057F	21	-	-	0	0	0	0	-	-	0	0	1	1	0	1	0	0	0	0	0	0	1	1	-	-	0	1	-	-	1	1	-	-
4	37	81058G	21	0	0	0	0	-	-	0	0	-	-	0	0	0	0	0	1	1	0	0	0	0	0	-	-	0	0	-	-	0	1	0	0
4	37	81059H	21	 	0	0	0	0	0	0	0	0	0	0	0	0	0	0	0	0	0	0	0	0	0	0	0	0	0	0	0	0	0	0	0
4	37	81060J	21	-	-	-	-	-	-	-	-	1	1	0	1	0	0	0	0	0	0	0	0	0	1	1	1	-	-	-	-	-	-	-	-
4	37	81061K	21	-	-	-	-	-	-	1	1	1	1	1	1	1	1	1	1	1	1	1	1	1	1	1	1	2	2	-	-	-	-	-	-
4	37	81062L	21	-	-	-	-	-	-	-	-	 	 	 	 	 	 	 	 	 	 	 	 	 	 	 	 	-	-	-	-	-	-	-	-
4	37	81063M	21	 	0	0	0	0	0	0	0	0	0	0	0	0	0	0	0	0	0	0	0	0	0	0	0	0	0	0	0	0	0	0	0
4	37	81065P	28	 	0	0	0	0	0	0	0	0	0	0	0	0	0	0	0	0	0	0	0	0	0	0	0	0	0	0	0	0	0	0	0
4	37	81066Q	28	2	2	-	-	-	-	-	-	1	1	0	1	1	2	-	-	-	-	3	1	1	1	1	1	-	-	1	1	2	2	2	1
4	37	81067R	28	2	3	3	3	3	3	2	3	3	2	2	2	2	2	2	1	0	1	1	2	2	1	2	2	2	1	-	-	-	-	1	2
4	37	81068S	28	 	0	0	0	0	0	0	0	0	0	0	0	0	0	0	0	0	0	0	0	0	0	0	0	0	0	0	0	0	0	0	0
4	37	81069T	28	1	1	-	-	-	-	-	-	1	0	0	0	0	1	1	1	0	1	0	0	1	1	1	1	0	1	-	-	1	1	-	-
4	37	81070V	28	 	 	0	0	0	0	0	0	0	0	0	0	0	0	0	0	0	0	0	0	0	0	0	0	0	0	0	0	0	0	0	0
4	37	81071W	28	 	 	0	0	0	0	0	0	0	0	0	0	0	0	0	0	0	0	0	0	0	0	0	0	0	0	0	0	0	0	0	0
4	37	81072X	29	 	 	0	0	0	0	0	0	0	0	0	0	0	0	0	0	0	0	0	0	0	0	0	0	0	0	0	0	0	0	0	0
4	37	81073Y	29	-	-	-	-	-	-	-	-	0	0	0	1	1	1	1	1	1	1	1	0	1	0	1	1	-	-	1	2	2	1	-	-
4	37	81074Z	29	-	-	-	-	-	-	-	-	1	1	1	1	-	-	-	-	-	-	-	-	2	1	-	-	-	-	-	-	-	-	-	-
4	37	81075A	29	 	 	0	0	0	0	0	0	0	0	0	0	0	0	0	0	0	0	0	0	0	0	0	0	0	0	0	0	0	0	0	0
4	37	81076B	29	-	-	1	1	-	-	1	0	1	0	0	0	0	0	0	1	0	1	0	1	0	0	0	0	0	0	1	1	1	1	-	-
4	37	81077C	29	 	 	0	0	0	0	0	0	0	0	0	0	0	0	0	0	0	0	0	0	0	0	0	0	0	0	0	0	0	0	0	0
4	37	81078D	29	 	 	0	0	0	0	0	0	0	0	0	0	0	0	0	0	0	0	0	0	0	0	0	0	0	0	0	0	0	0	0	0
4	37	81079E	36	 	0	0	0	0	0	0	0	0	0	0	0	0	0	0	0	0	0	0	0	0	0	0	0	0	0	0	0	0	0	0	0
4	37	81080F	36	 	0	0	0	0	0	0	0	0	0	0	0	0	0	0	0	0	0	0	0	0	0	0	0	0	0	0	0	0	0	0	0
4	37	81081G	36	1	1	-	-	-	-	1	1	0	0	0	0	0	0	0	0	0	0	0	0	0	0	0	0	0	0	1	1	-	-	-	-
4	37	81083J	36	-	-	-	-	1	1	1	1	1	1	0	0	1	1	1	2	2	2	1	1	1	1	1	1	-	-	-	-	1	1	1	1
4	37	81084K	36	 	0	0	0	0	0	0	0	0	0	0	0	0	0	0	0	0	0	0	0	0	0	0	0	0	0	0	0	0	0	0	0
4	37	81085L	36	 	0	0	0	0	0	0	0	0	0	0	0	0	0	0	0	0	0	0	0	0	0	0	0	0	0	0	0	0	0	0	0
4	37	81086M	36	-	-	1	1	1	1	1	1	1	1	1	1	1	1	2	2	2	2	1	1	0	1	1	1	0	0	1	2	-	-	1	1
4	37	81087N	36	-	-	-	-	-	-	-	-	-	-	1	2	0	0	0	0	0	0	0	0	0	0	-	-	0	1	-	-	-	-	-	-
4	37	81088P	36	-	-	1	1	1	1	1	1	0	0	1	1	1	1	1	1	1	1	1	1	1	1	1	1	1	1	-	-	1	1	1	1
4	37	81089Q	36	 	0	0	0	0	0	0	0	0	0	0	0	0	0	0	0	0	0	0	0	0	0	0	0	0	0	0	0	0	0	0	0
4	37	81090R	36	1	1	0	0	0	0	0	0	0	0	0	0	0	0	1	1	0	0	0	0	0	0	0	0	0	0	0	0	0	0	1	1
4	37	81091S	37	 	0	0	0	0	0	0	0	0	0	0	0	0	0	0	0	0	0	0	0	0	0	0	0	0	0	0	0	0	0	0	0
4	37	81092T	37	 	0	0	0	0	0	0	0	0	0	0	0	0	0	0	0	0	0	0	0	0	0	0	0	0	0	0	0	0	0	0	0
4	37	81093V	37	-	-	-	-	-	-	-	-	 	 	-	-	-	-	-	-	-	-	-	-	-	-	 	 	-	-	-	-	-	-	-	-
4	37	81094W	37	-	-	-	-	-	-	-	-	-	-	-	-	-	-	-	-	-	-	-	-	 	 	-	-	-	-	-	-	-	-	-	-
4	37	81095X	37	-	-	-	-	-	-	1	1	1	1	1	1	2	2	2	2	2	2	2	2	1	1	1	1	2	2	-	-	2	2	-	-
4	37	81096Y	37	-	-	-	-	-	-	-	-	-	-	2	2	-	-	-	-	-	-	-	-	1	1	-	-	-	-	-	-	-	-	-	-
4	37	81097Z	37	-	-	-	-	1	1	-	-	-	-	-	-	-	-	2	1	0	0	0	0	0	0	0	0	0	0	-	-	-	-	-	-
4	37	81098A	37	-	-	1	1	1	1	0	0	0	0	0	0	1	1	1	1	1	1	1	1	0	0	0	0	0	1	-	-	1	1	-	-
4	37	81100C	44	0	1	1	1	-	-	1	1	0	1	1	0	1	3	3	1	1	1	1	1	1	1	1	1	-	-	-	-	1	1	2	1
4	37	81101D	44	 	0	0	0	0	0	0	0	0	0	0	0	0	0	0	0	0	0	0	0	0	0	0	0	0	0	0	0	0	0	0	0
4	37	81102E	44	 	0	0	0	0	0	0	0	0	0	0	0	0	0	0	0	0	0	0	0	0	0	0	0	0	0	0	0	0	0	0	0
4	37	81103F	44	 	0	0	0	0	0	0	0	0	0	0	0	0	0	0	0	0	0	0	0	0	0	0	0	0	0	0	0	0	0	0	0
4	37	81104G	44	 	0	0	0	0	0	0	0	0	0	0	0	0	0	0	0	0	0	0	0	0	0	0	0	0	0	0	0	0	0	0	0
4	37	81105H	44	 	0	0	0	0	0	0	0	0	0	0	0	0	0	0	0	0	0	0	0	0	0	0	0	0	0	0	0	0	0	0	0
4	37	81106J	44	-	-	-	-	-	-	-	-	0	0	0	1	0	2	-	-	-	-	-	-	-	-	0	1	-	-	-	-	-	-	-	-
4	37	81107K	44	 	0	0	0	0	0	0	0	0	0	0	0	0	0	0	0	0	0	0	0	0	0	0	0	0	0	0	0	0	0	0	0
4	37	81108L	44	-	-	0	0	1	0	1	1	-	-	0	0	1	1	0	1	0	1	1	0	0	0	1	0	1	1	0	1	0	0	-	-
4	37	81109M	44	-	-	1	0	-	-	1	1	1	1	1	1	1	0	0	0	0	0	0	1	0	0	1	0	-	-	-	-	0	1	1	1
4	37	81110N	44	 	0	0	0	0	0	0	0	0	0	0	0	0	0	0	0	0	0	0	0	0	0	0	0	0	0	0	0	0	0	0	0
4	37	81111P	44	-	-	-	-	-	-	-	-	1	0	0	0	0	0	0	0	1	1	1	0	0	0	1	1	-	-	-	-	-	-	-	-
4	37	81112Q	44	 	0	0	0	0	0	0	0	0	0	0	0	0	0	0	0	0	0	0	0	0	0	0	0	0	0	0	0	0	0	0	0
4	37	81113R	45	-	-	-	-	-	-	-	-	 	 	 	 	 	 	 	 	 	 	 	 	-	-	 	 	-	-	-	-	-	-	-	-
4	37	81114S	45	1	1	-	-	-	-	1	1	0	0	0	0	0	0	0	0	0	0	0	0	0	1	1	1	-	-	-	-	-	-	-	-
4	37	81115T	45	 	0	0	0	0	0	0	0	0	0	0	0	0	0	0	0	0	0	0	0	0	0	0	0	0	0	0	0	0	0	0	0
4	37	81116V	45	 	0	0	0	0	0	0	0	0	0	0	0	0	0	0	0	0	0	0	0	0	0	0	0	0	0	0	0	0	0	0	0
4	37	81118X	45	 	0	0	0	0	0	0	0	0	0	0	0	0	0	0	0	0	0	0	0	0	0	0	0	0	0	0	0	0	0	0	0
4	37	81119Y	45	-	-	-	-	-	-	2	2	2	3	-	-	-	-	-	-	-	-	-	-	-	-	-	-	2	2	2	2	-	-	-	-
4	37	81120Z	45	-	-	-	-	-	-	-	-	1	1	1	1	1	1	1	1	1	1	1	1	1	1	1	1	-	-	-	-	-	-	-	-
4	37	81121A	45	 	0	0	0	0	0	0	0	0	0	0	0	0	0	0	0	0	0	0	0	0	0	0	0	0	0	0	0	0	0	0	0
4	37	81122B	45	 	0	0	0	0	0	0	0	0	0	0	0	0	0	0	0	0	0	0	0	0	0	0	0	0	0	0	0	0	0	0	0
4	37	81123C	45	-	-	 	 	-	-	 	 	 	 	 	 	 	 	 	 	 	 	 	 	 	 	 	 	 	 	-	-	-	-	 	 
4	37	81124D	45	-	-	1	1	-	-	-	-	-	-	1	1	1	1	1	1	1	1	1	1	1	1	-	-	-	-	-	-	-	-	-	-
4	37	81125E	45	 	0	0	0	0	0	0	0	0	0	0	0	0	0	0	0	0	0	0	0	0	0	0	0	0	0	0	0	0	0	0	0
4	37	81126F	45	 	0	0	0	0	0	0	0	0	0	0	0	0	0	0	0	0	0	0	0	0	0	0	0	0	0	0	0	0	0	0	0
4	37	81127G	45	-	-	-	-	-	-	-	-	2	2	2	3	-	-	-	-	-	-	-	-	1	2	-	-	-	-	-	-	-	-	-	-
4	37	81128H	45	 	0	0	0	0	0	0	0	0	0	0	0	0	0	0	0	0	0	0	0	0	0	0	0	0	0	0	0	0	0	0	0
4	37	81129J	45	 	 	 	0	0	0	0	0	0	0	0	0	0	0	0	0	0	0	0	0	0	0	0	0	0	0	0	0	0	0	0	0
4	37	81130K	45	-	-	0	0	-	-	0	0	0	1	0	0	0	0	0	0	0	0	0	0	0	0	0	0	-	-	0	0	-	-	0	0
4	37	81131L	52	-	-	-	-	-	-	1	1	0	1	0	1	-	-	-	-	-	-	-	-	1	0	1	1	-	-	-	-	0	0	-	-
4	37	81133N	52	 	0	0	0	0	0	0	0	0	0	0	0	0	0	0	0	0	0	0	0	0	0	0	0	0	0	0	0	0	0	0	0
4	37	81134P	52	9	1	2	1	-	-	-	-	2	1	0	0	1	1	1	1	1	1	1	1	0	0	1	1	1	1	9	9	-	-	-	-
4	37	81135Q	52	-	-	1	1	-	-	-	-	1	1	1	1	1	0	1	1	1	1	1	1	1	1	0	1	-	-	-	-	1	1	-	-
4	37	81137S	52	1	1	1	1	-	-	1	1	1	1	1	1	1	1	1	1	1	1	1	1	0	1	1	1	1	1	1	1	1	1	1	1
4	37	81138T	52	 	0	0	0	0	0	0	0	0	0	0	0	0	0	0	0	0	0	0	0	0	0	0	0	0	0	0	0	0	0	0	0
4	37	81139V	52	 	0	0	0	0	0	0	0	0	0	0	0	0	0	0	0	0	0	0	0	0	0	0	0	0	0	0	0	0	0	0	0
4	37	81141X	53	 	0	0	0	0	0	0	0	0	0	0	0	0	0	0	0	0	0	0	0	0	0	0	0	0	0	0	0	0	0	0	0
4	37	81142Y	53	-	-	-	-	-	-	-	-	-	-	1	1	1	1	1	1	1	1	1	1	1	1	-	-	-	-	-	-	-	-	-	-
4	37	81143Z	53	9	9	0	1	1	0	0	0	0	1	1	1	1	1	1	1	1	1	1	2	1	1	1	2	1	1	1	2	-	-	1	1
4	37	81144A	53	 	 	0	0	0	0	0	0	0	0	0	0	0	0	0	0	0	0	0	0	0	0	0	0	0	0	0	0	0	0	0	0
4	37	81145B	53	-	-	-	-	-	-	-	-	1	1	1	1	1	1	1	1	1	1	1	1	1	1	1	1	-	-	-	-	1	1	-	-
4	37	81146C	53	-	-	-	-	-	-	0	1	1	1	0	0	1	1	1	2	2	2	2	2	2	2	2	2	1	1	2	2	-	-	2	2
4	37	81148E	53	-	-	1	1	1	1	1	1	1	1	0	0	0	0	0	0	0	0	0	0	0	0	0	0	0	0	0	0	0	0	-	-
4	37	81149F	53	-	-	-	-	 	 	 	 	 	 	 	 	 	 	 	 	 	 	 	 	 	 	 	 	 	 	-	-	-	-	-	-
4	37	81150G	53	 	 	0	0	0	0	0	0	0	0	0	0	0	0	0	0	0	0	0	0	0	0	0	0	0	0	0	0	0	0	0	0
4	37	81151H	53	 	0	0	0	0	0	0	0	0	0	0	0	0	0	0	0	0	0	0	0	0	0	0	0	0	0	0	0	0	0	0	0
4	37	81152J	60	 	0	0	0	0	0	0	0	0	0	0	0	0	0	0	0	0	0	0	0	0	0	0	0	0	0	0	0	0	0	0	0
4	37	81153K	60	-	-	-	-	-	-	-	-	1	1	1	2	-	-	1	1	1	1	1	0	-	-	-	-	-	-	-	-	-	-	-	-
4	37	81155M	60	-	-	-	-	-	-	-	-	3	3	3	3	-	-	-	-	-	-	-	-	3	2	9	9	-	-	-	-	-	-	-	-
4	37	81156N	60	-	-	1	1	-	-	1	0	0	0	0	0	0	0	0	1	1	1	1	0	0	1	1	1	0	0	-	-	-	-	-	-
4	37	81158Q	60	 	0	0	0	0	0	0	0	0	0	0	0	0	0	0	0	0	0	0	0	0	0	0	0	0	0	0	0	0	0	0	0
4	37	81160S	60	 	0	0	0	0	0	0	0	0	0	0	0	0	0	0	0	0	0	0	0	0	0	0	0	0	0	0	0	0	0	0	0
4	37	81161T	60	-	-	-	-	-	-	-	-	1	1	1	1	1	1	1	1	0	1	0	0	1	0	1	1	-	-	-	-	-	-	-	-
4	37	81162V	61	 	 	 	 	 	 	4	4	1	1	2	2	2	2	1	1	2	1	1	1	1	1	1	2	 	 	3	3	 	0	0	0
4	37	81163W	61	-	-	1	1	-	-	-	-	-	-	-	-	2	2	2	2	2	2	2	2	1	1	0	0	1	2	-	-	-	-	2	1
4	37	81165Y	61	 	0	0	0	0	0	0	0	0	0	0	0	0	0	0	0	0	0	0	0	0	0	0	0	0	0	0	0	0	0	0	0
4	37	81166Z	61	 	0	0	0	0	0	0	0	0	0	0	0	0	0	0	0	0	0	0	0	0	0	0	0	0	0	0	0	0	0	0	0
4	37	81167A	61	-	-	-	-	1	1	0	1	-	-	1	1	0	0	1	2	1	1	1	1	-	-	-	-	1	1	-	-	-	-	-	-
4	37	81168B	61	 	0	0	0	0	0	0	0	0	0	0	0	0	0	0	0	0	0	0	0	0	0	0	0	0	0	0	0	0	0	0	0
4	37	81170D	61	-	-	1	1	-	-	1	1	1	1	0	1	0	1	 	 	2	2	1	1	1	1	1	1	1	1	-	-	1	1	1	1
4	37	81171E	61	 	0	0	0	0	0	0	0	0	0	0	0	0	0	0	0	0	0	0	0	0	0	0	0	0	0	0	0	0	0	0	0
4	37	81172F	68	 	0	0	0	0	0	0	0	0	0	0	0	0	0	0	0	0	0	0	0	0	0	0	0	0	0	0	0	0	0	0	0
4	37	81173G	68	 	0	0	0	0	0	0	0	0	0	0	0	0	0	0	0	0	0	0	0	0	0	0	0	0	0	0	0	0	0	0	0
4	37	81174H	68	 	0	0	0	0	0	0	0	0	0	0	0	0	0	0	0	0	0	0	0	0	0	0	0	0	0	0	0	0	0	0	0
4	37	81175J	68	 	0	0	0	0	0	0	0	0	0	0	0	0	0	0	0	0	0	0	0	0	0	0	0	0	0	0	0	0	0	0	0
4	37	81176K	68	-	-	-	-	-	-	-	-	-	-	1	1	2	1	2	2	2	2	2	1	2	1	1	1	-	-	-	-	-	-	-	-
4	37	81177L	68	 	0	0	0	0	0	0	0	0	0	0	0	0	0	0	0	0	0	0	0	0	0	0	0	0	0	0	0	0	0	0	0
4	37	81178M	68	-	-	-	-	-	-	-	-	1	1	1	1	1	1	1	1	1	1	1	0	0	0	0	1	-	-	-	-	-	-	0	1
4	37	81179N	68	-	-	-	-	-	-	1	1	0	0	0	0	0	0	0	0	0	0	0	0	0	0	1	1	-	-	-	-	-	-	-	-
4	37	81180P	69	1	1	1	1	-	-	-	-	1	1	0	0	0	0	0	0	0	0	1	1	0	1	1	1	-	-	-	-	-	-	2	2
4	37	81181Q	69	-	-	-	-	-	-	-	-	1	1	1	2	-	-	-	-	-	-	-	-	2	2	1	1	1	1	-	-	-	-	1	1
4	37	81183S	69	1	2	-	-	-	-	2	2	1	1	1	1	1	0	1	1	1	1	1	1	2	1	-	-	-	-	-	-	-	-	-	-
4	37	81184T	69	-	-	-	-	-	-	2	2	1	1	1	1	1	2	2	1	1	2	1	2	1	1	-	-	1	1	-	-	-	-	-	-
4	37	81186W	69	 	0	0	0	0	0	0	0	0	0	0	0	0	0	0	0	0	0	0	0	0	0	0	0	0	0	0	0	0	0	0	0
4	37	81187X	69	-	-	-	-	-	-	1	1	0	1	1	2	3	3	3	3	3	3	3	3	2	2	1	1	2	2	-	-	-	-	-	-
4	37	81188Y	69	 	0	0	0	0	0	0	0	0	0	0	0	0	0	0	0	0	0	0	0	0	0	0	0	0	0	0	0	0	0	0	0
4	37	81189Z	69	 	0	0	0	0	0	0	0	0	0	0	0	0	0	0	0	0	0	0	0	0	0	0	0	0	0	0	0	0	0	0	0
4	37	81190A	76	-	-	-	-	-	-	1	1	1	1	1	1	-	-	1	0	1	2	-	-	1	1	1	1	-	-	-	-	-	-	-	-
4	37	81191B	76	 	0	0	0	0	0	0	0	0	0	0	0	0	0	0	0	0	0	0	0	0	0	0	0	0	0	0	0	0	0	0	0
4	37	81192C	76	 	 	 	 	 	 	 	 	 	 	2	1	0	0	0	0	0	0	0	0	0	1	 	0	0	0	0	0	0	0	0	0
4	37	81193D	76	-	-	1	1	1	1	1	1	1	1	1	1	1	1	1	1	-	-	1	1	1	0	1	1	1	1	-	-	-	-	-	-
4	37	81194E	76	-	-	-	-	1	1	1	1	1	1	1	1	-	-	-	-	2	2	1	1	1	1	1	1	1	1	1	1	-	-	-	-
4	37	81195F	76	 	0	0	0	0	0	0	0	0	0	0	0	0	0	0	0	0	0	0	0	0	0	0	0	0	0	0	0	0	0	0	0
4	37	81196G	76	 	0	0	0	0	0	0	0	0	0	0	0	0	0	0	0	0	0	0	0	0	0	0	0	0	0	0	0	0	0	0	0
4	37	81197H	76	-	-	0	0	0	1	0	0	0	0	0	0	0	0	0	0	0	0	0	0	0	0	0	0	0	0	-	-	0	0	0	0
4	37	81198J	76	-	-	0	1	-	-	0	1	-	-	0	0	0	0	0	0	0	0	0	0	0	0	0	0	0	0	-	-	-	-	-	-
4	37	81200L	76	-	-	0	0	1	1	1	0	0	0	0	0	0	0	0	0	0	0	0	0	1	1	1	1	0	0	-	-	1	1	-	-
4	37	81201M	76	 	 	0	0	0	0	0	0	0	0	0	0	0	0	0	0	0	0	0	0	0	0	0	0	0	0	0	0	0	0	0	0
4	37	81202N	76	 	 	0	0	0	0	0	0	0	0	0	0	0	0	0	0	0	0	0	0	0	0	0	0	0	0	0	0	0	0	0	0
4	37	81203P	77	 	 	0	0	0	0	0	0	0	0	0	0	0	0	0	0	0	0	0	0	0	0	0	0	0	0	0	0	0	0	0	0
4	37	81204Q	77	 	 	0	0	0	0	0	0	0	0	0	0	0	0	0	0	0	0	0	0	0	0	0	0	0	0	0	0	0	0	0	0
4	37	81205R	77	1	1	-	-	-	-	1	1	1	1	1	2	2	2	2	2	1	2	1	1	1	1	1	1	1	1	-	-	-	-	1	1
4	37	81206S	77	-	-	-	-	-	-	2	2	2	2	2	2	2	2	-	-	3	2	2	2	2	2	1	1	2	2	-	-	2	2	-	-
4	37	81207T	77	 	 	0	0	0	0	0	0	0	0	0	0	0	0	0	0	0	0	0	0	0	0	0	0	0	0	0	0	0	0	0	0
4	37	81208V	77	 	 	0	0	0	0	0	0	0	0	0	0	0	0	0	0	0	0	0	0	0	0	0	0	0	0	0	0	0	0	0	0
4	37	81209W	77	1	1	-	-	-	-	0	1	0	0	0	0	-	-	1	0	1	1	-	-	1	2	-	-	9	9	-	-	-	-	1	1
4	37	81210X	77	 	 	0	0	0	0	0	0	0	0	0	0	0	0	0	0	0	0	0	0	0	0	0	0	0	0	0	0	0	0	0	0
4	37	81211Y	77	 	 	0	0	0	0	0	0	0	0	0	0	0	0	0	0	0	0	0	0	0	0	0	0	0	0	0	0	0	0	0	0
4	37	81212Z	77	-	-	9	9	-	-	1	1	1	1	1	1	0	0	0	0	0	0	1	1	1	1	1	1	1	1	-	-	9	9	-	-
4	37	81213A	77	 	 	0	0	0	0	0	0	0	0	0	0	0	0	0	0	0	0	0	0	0	0	0	0	0	0	0	0	0	0	0	0
4	37	81214B	77	-	-	-	-	-	-	-	-	-	-	-	-	1	0	0	0	0	0	0	0	0	0	-	-	-	-	-	-	-	-	-	-
4	37	81276T	37	 	0	0	0	0	0	0	0	0	0	0	0	0	0	0	0	0	0	0	0	0	0	0	0	0	0	0	0	0	0	0	0
4	37	81277V	36	-	-	-	-	-	-	0	1	1	1	0	0	0	1	1	0	0	0	0	0	0	0	1	1	-	-	-	-	1	1	-	-
4	37	81278W	52	-	-	9	2	1	1	-	-	-	-	0	0	-	-	0	0	0	0	0	0	0	1	0	0	-	-	-	-	-	-	-	-
4	37	81280Y	77	 	0	0	0	0	0	0	0	0	0	0	0	0	0	0	0	0	0	0	0	0	0	0	0	0	0	0	0	0	0	0	0
4	37	81281Z	36	 	0	0	0	0	0	0	0	0	0	0	0	0	0	0	0	0	0	0	0	0	0	0	0	0	0	0	0	0	0	0	0
4	37	81283B	20	1	2	 	 	 	 	 	 	1	1	 	 	 	 	0	0	0	0	1	1	1	0	0	0	1	1	 	 	 	 	1	1
4	37	81284C	21	 	0	0	0	0	0	0	0	0	0	0	0	0	0	0	0	0	0	0	0	0	0	0	0	0	0	0	0	0	0	0	0
4	37	81286E	12	-	-	-	-	-	-	-	-	-	-	1	1	2	2	2	2	1	1	2	1	1	1	-	-	-	-	-	-	-	-	-	-
4	37	81287F	44	 	0	0	0	0	0	0	0	0	0	0	0	0	0	0	0	0	0	0	0	0	0	0	0	0	0	0	0	0	0	0	0
4	37	81288G	20	 	0	0	0	0	0	0	0	0	0	0	0	0	0	0	0	0	0	0	0	0	0	0	0	0	0	0	0	0	0	0	0
4	37	81292L	4	 	0	0	0	0	0	0	0	0	0	0	0	0	0	0	0	0	0	0	0	0	0	0	0	0	0	0	0	0	0	0	0
4	37	81293M	28	 	0	0	0	0	0	0	0	0	0	0	0	0	0	0	0	0	0	0	0	0	0	0	0	0	0	0	0	0	0	0	0
4	37	82215P	4	 	0	0	0	0	0	0	0	0	0	0	0	0	0	0	0	0	0	0	0	0	0	0	0	0	0	0	0	0	0	0	0
4	37	82216Q	4	 	0	0	0	0	0	0	0	0	0	0	0	0	0	0	0	0	0	0	0	0	0	0	0	0	0	0	0	0	0	0	0
4	37	82218S	4	 	0	0	0	0	0	0	0	0	0	0	0	0	0	0	0	0	0	0	0	0	0	0	0	0	0	0	0	0	0	0	0
4	37	82219T	5	 	0	0	0	0	0	0	0	0	0	0	0	0	0	0	0	0	0	0	0	0	0	0	0	0	0	0	0	0	0	0	0
4	37	82220V	12	 	0	0	0	0	0	0	0	0	0	0	0	0	0	0	0	0	0	0	0	0	0	0	0	0	0	0	0	0	0	0	0
4	37	82221W	12	 	0	0	0	0	0	0	0	0	0	0	0	0	0	0	0	0	0	0	0	0	0	0	0	0	0	0	0	0	0	0	0
4	37	82222X	12	 	0	0	0	0	0	0	0	0	0	0	0	0	0	0	0	0	0	0	0	0	0	0	0	0	0	0	0	0	0	0	0
4	37	82223Y	12	 	0	0	0	0	0	0	0	0	0	0	0	0	0	0	0	0	0	0	0	0	0	0	0	0	0	0	0	0	0	0	0
4	37	82226B	20	 	0	0	0	0	0	0	0	0	0	0	0	0	0	0	0	0	0	0	0	0	0	0	0	0	0	0	0	0	0	0	0
4	37	82227C	20	-	-	-	-	-	-	-	-	 	 	 	 	 	 	 	 	-	-	-	-	 	 	 	-	-	-	-	-	-	-	-	 
4	37	82228D	21	 	0	0	0	0	0	0	0	0	0	0	0	0	0	0	0	0	0	0	0	0	0	0	0	0	0	0	0	0	0	0	0
4	37	82229E	21	 	0	0	0	0	0	0	0	0	0	0	0	0	0	0	0	0	0	0	0	0	0	0	0	0	0	0	0	0	0	0	0
4	37	82230F	28	 	0	0	0	0	0	0	0	0	0	0	0	0	0	0	0	0	0	0	0	0	0	0	0	0	0	0	0	0	0	0	0
4	37	82231G	29	 	0	0	0	0	0	0	0	0	0	0	0	0	0	0	0	0	0	0	0	0	0	0	0	0	0	0	0	0	0	0	0
4	37	82232H	29	 	0	0	0	0	0	0	0	0	0	0	0	0	0	0	0	0	0	0	0	0	0	0	0	0	0	0	0	0	0	0	0
4	37	82233J	37	 	0	0	0	0	0	0	0	0	0	0	0	0	0	0	0	0	0	0	0	0	0	0	0	0	0	0	0	0	0	0	0
4	37	82234K	37	 	0	0	0	0	0	0	0	0	0	0	0	0	0	0	0	0	0	0	0	0	0	0	0	0	0	0	0	0	0	0	0
4	37	82235L	37	 	0	0	0	0	0	0	0	0	0	0	0	0	0	0	0	0	0	0	0	0	0	0	0	0	0	0	0	0	0	0	0
4	37	82236M	37	 	0	0	0	0	0	0	0	0	0	0	0	0	0	0	0	0	0	0	0	0	0	0	0	0	0	0	0	0	0	0	0
4	37	82237N	45	 	0	0	0	0	0	0	0	0	0	0	0	0	0	0	0	0	0	0	0	0	0	0	0	0	0	0	0	0	0	0	0
4	37	82238P	45	 	0	0	0	0	0	0	0	0	0	0	0	0	0	0	0	0	0	0	0	0	0	0	0	0	0	0	0	0	0	0	0
4	37	82239Q	45	-	-	-	-	-	-	-	-	-	-	0	0	-	-	-	-	-	-	-	-	0	0	-	-	-	-	-	-	-	-	-	-
4	37	82240R	45	 	0	0	0	0	0	0	0	0	0	0	0	0	0	0	0	0	0	0	0	0	0	0	0	0	0	0	0	0	0	0	0
4	37	82241S	52	 	0	0	0	0	0	0	0	0	0	0	0	0	0	0	0	0	0	0	0	0	0	0	0	0	0	0	0	0	0	0	0
4	37	82242T	52	-	-	-	-	-	-	-	-	-	-	1	1	-	-	1	1	1	1	1	1	0	1	1	1	1	1	-	-	-	-	1	1
4	37	82243V	60	 	0	0	0	0	0	0	0	0	0	0	0	0	0	0	0	0	0	0	0	0	0	0	0	0	0	0	0	0	0	0	0
4	37	82244W	60	 	0	0	0	0	0	0	0	0	0	0	0	0	0	0	0	0	0	0	0	0	0	0	0	0	0	0	0	0	0	0	0
4	37	82245X	60	 	0	0	0	0	0	0	0	0	0	0	0	0	0	0	0	0	0	0	0	0	0	0	0	0	0	0	0	0	0	0	0
4	37	82246Y	60	 	0	0	0	0	0	0	0	0	0	0	0	0	0	0	0	0	0	0	0	0	0	0	0	0	0	0	0	0	0	0	0
4	37	82247Z	61	 	0	0	0	0	0	0	0	0	0	0	0	0	0	0	0	0	0	0	0	0	0	0	0	0	0	0	0	0	0	0	0
4	37	82248A	61	 	0	0	0	0	0	0	0	0	0	0	0	0	0	0	0	0	0	0	0	0	0	0	0	0	0	0	0	0	0	0	0
4	37	82249B	61	 	0	0	0	0	0	0	0	0	0	0	0	0	0	0	0	0	0	0	0	0	0	0	0	0	0	0	0	0	0	0	0
4	37	82250C	61	 	0	0	0	0	0	0	0	0	0	0	0	0	0	0	0	0	0	0	0	0	0	0	0	0	0	0	0	0	0	0	0
4	37	82251D	69	 	0	0	0	0	0	0	0	0	0	0	0	0	0	0	0	0	0	0	0	0	0	0	0	0	0	0	0	0	0	0	0
4	37	82252E	69	-	-	-	-	-	-	-	-	1	1	1	1	1	3	-	-	-	-	1	2	-	-	1	1	2	2	-	-	-	-	-	-
4	37	82253F	76	 	0	0	0	0	0	0	0	0	0	0	0	0	0	0	0	0	0	0	0	0	0	0	0	0	0	0	0	0	0	0	0
4	37	82254G	77	 	0	0	0	0	0	0	0	0	0	0	0	0	0	0	0	0	0	0	0	0	0	0	0	0	0	0	0	0	0	0	0
4	37	82255H	77	 	0	0	0	0	0	0	0	0	0	0	0	0	0	0	0	0	0	0	0	0	0	0	0	0	0	0	0	0	0	0	0
4	37	82256J	77	 	0	0	0	0	0	0	0	0	0	0	0	0	0	0	0	0	0	0	0	0	0	0	0	0	0	0	0	0	0	0	0
4	37	82257K	77	 	0	0	0	0	0	0	0	0	0	0	0	0	0	0	0	0	0	0	0	0	0	0	0	0	0	0	0	0	0	0	0
4	37	82258L	77	 	0	0	0	0	0	0	0	0	0	0	0	0	0	0	0	0	0	0	0	0	0	0	0	0	0	0	0	0	0	0	0
4	37	82259M	77	 	0	0	0	0	0	0	0	0	0	0	0	0	0	0	0	0	0	0	0	0	0	0	0	0	0	0	0	0	0	0	0
4	37	82260N	77	-	-	-	-	-	-	-	-	-	-	2	1	0	1	2	2	1	1	1	1	1	2	-	-	-	-	-	-	-	-	-	-
4	37	82261P	13	-	-	1	1	-	-	1	1	2	1	1	1	1	1	1	1	1	1	1	1	1	1	1	1	-	-	1	1	-	-	-	-
4	37	82263R	21	 	 	 	 	 	 	 	 	 	 	 	 	 	 	 	 	 	 	 	 	 	 	 	 	 	 	 	 	 	 	 	 
4	37	82265T	21	-	-	-	-	-	-	-	-	-	-	2	2	2	3	-	-	-	-	-	-	-	-	-	-	-	-	-	-	-	-	-	-
4	37	82266V	36	 	 	0	0	0	0	0	0	0	0	0	0	0	0	0	0	0	0	0	0	0	0	0	0	0	0	0	0	0	0	0	0
4	37	82267W	36	 	 	0	0	0	0	0	0	0	0	0	0	0	0	0	0	0	0	0	0	0	0	0	0	0	0	0	0	0	0	0	0
4	37	82268X	77	-	-	-	-	-	-	2	2	1	2	1	2	1	1	-	-	2	2	2	2	1	2	1	2	-	-	-	-	-	-	-	-
4	37	82269Y	13	 	 	0	0	0	0	0	0	0	0	0	0	0	0	0	0	0	0	0	0	0	0	0	0	0	0	0	0	0	0	0	0
4	37	82270Z	13	 	 	0	0	0	0	0	0	0	0	0	0	0	0	0	0	0	0	0	0	0	0	0	0	0	0	0	0	0	0	0	0
4	37	82271A	13	 	 	0	0	0	0	0	0	0	0	0	0	0	0	0	0	0	0	0	0	0	0	0	0	0	0	0	0	0	0	0	0
4	37	82272B	21	 	 	0	0	0	0	0	0	0	0	0	0	0	0	0	0	0	0	0	0	0	0	0	0	0	0	0	0	0	0	0	0
4	37	82273C	21	 	 	0	0	0	0	0	0	0	0	0	0	0	0	0	0	0	0	0	0	0	0	0	0	0	0	0	0	0	0	0	0
4	37	82274D	44	-	-	-	-	-	-	-	-	 	 	 	 	 	 	-	-	 	 	 	 	 	 	-	-	-	-	-	-	-	-	-	-
4	37	82275E	77	 	 	0	0	0	0	0	0	0	0	0	0	0	0	0	0	0	0	0	0	0	0	0	0	0	0	0	0	0	0	0	0
4	37	82290W	68	 	 	0	0	0	0	0	0	0	0	0	0	0	0	0	0	0	0	0	0	0	0	0	0	0	0	0	0	0	0	0	0
4	37	82291X	68	 	0	0	0	0	0	0	0	0	0	0	0	0	0	0	0	0	0	0	0	0	0	0	0	0	0	0	0	0	0	0	0
