wave	rownum	serial	area	screen42	attden	attgen	attlst1	attlst2	attlst3	attscn	attapp	attdis	atttpt	attjny	attpay	attrx1	attrx2	attrx3	timfin
1	5	51001L	1	2	3	3	5	1	09	1	2	5	2	1	1	2	 	 	1545
1	5	51002M	1	1	 	4	9	 	 	2	 	 	 	 	 	1	06	2	1335
1	5	51003N	1	2	3	3	8	1	09	2	 	 	 	 	 	1	09	2	1110
1	5	51005Q	1	2	3	3	6	1	09	2	 	 	 	 	 	1	09	2	1035
1	5	51006R	1	1	 	3	6	1	09	2	 	 	 	 	 	3	 	 	1155
1	5	51007S	1	1	 	2	2	1	0608	1	2	2	2	1	3	3	 	 	1000
1	5	51008T	1	2	3	3	0	 	 	2	 	 	 	 	 	3	 	 	1055
1	5	51009V	1	1	 	3	6	1	0609	2	 	 	 	 	 	3	 	 	1440
1	5	51010W	1	1	 	3	4	1	01	1	2	2	1	1	1	1	01	2	1055
1	5	51013Z	8	2	3	1	2	2	 	1	2	5	3	1	3	1	08	2	1535
1	5	51014A	8	1	 	4	8	2	 	2	 	 	 	 	 	2	 	 	1436
1	5	51015B	8	2	3	3	2	1	08	1	2	4	3	1	3	2	 	 	1616
1	5	51016C	8	2	1	4	7	1	04	2	 	 	 	 	 	2	 	 	1151
1	5	51017D	8	2	3	4	6	1	08	2	 	 	 	 	 	2	 	 	1058
1	5	51018E	8	2	3	3	1	1	0709	1	2	1	1	1	3	1	08	1	1244
1	5	51020G	9	2	3	3	6	1	08	2	 	 	 	 	 	1	08	2	1150
1	5	51021H	9	2	3	4	0	 	 	2	 	 	 	 	 	2	 	 	1415
1	5	51023K	9	1	 	2	4	2	 	1	2	1	8	1	1	2	 	 	1100
1	5	51024L	9	2	3	3	3	1	09	1	2	0	 	 	1	2	 	 	1507
1	5	51025M	9	2	4	3	7	1	07	2	 	 	 	 	 	1	07	2	1215
1	5	51026N	9	1	 	3	5	1	0306	1	2	1	1	1	3	1	07	2	1535
1	5	51027P	9	1	 	3	6	1	09	2	 	 	 	 	 	1	01	2	1625
1	5	51028Q	9	2	1	2	1	1	09	1	2	0	 	 	1	2	 	 	1035
1	5	51029R	16	1	 	4	7	1	0504	2	 	 	 	 	 	2	 	 	1335
1	5	51030S	16	1	 	1	2	2	 	1	2	1	4	1	1	2	 	 	1025
1	5	51031T	16	2	3	4	8	1	09	2	 	 	 	 	 	2	 	 	1120
1	5	51034X	16	1	 	1	1	2	 	1	2	2	4	2	3	2	 	 	1715
1	5	51035Y	16	1	 	 	1	2	 	1	2	1	1	1	3	1	05	1	1545
1	5	51036Z	16	1	 	1	2	2	 	1	2	0	 	 	1	3	 	 	1615
1	5	51037A	16	1	 	3	5	1	03	1	2	2	1	1	3	2	 	 	1440
1	5	51038B	16	2	8	3	2	1	07	1	2	1	3	1	1	2	 	 	1120
1	5	51039C	16	2	2	3	7	1	02	2	 	 	 	 	 	2	 	 	1225
1	5	51040D	17	2	1	3	6	1	0709	2	 	 	 	 	 	2	 	 	1507
1	5	51041E	17	2	3	3	1	1	08	1	2	5	4	1	1	2	 	 	1515
1	5	51042F	17	1	 	2	1	2	 	1	2	3	2	1	3	2	 	 	940
1	5	51043G	17	2	3	3	5	1	0306	1	2	3	4	2	1	2	 	 	1250
1	5	51044H	17	2	3	3	6	1	0709	2	 	 	 	 	 	2	 	 	1240
1	5	51045J	17	1	 	1	1	2	 	1	2	3	2	2	1	2	 	 	1620
1	5	51046K	17	1	 	3	6	1	0509	2	 	 	 	 	 	1	0306	2	940
1	5	51047L	17	1	 	3	7	1	08	2	 	 	 	 	 	1	0108	2	1115
1	5	51049N	17	2	3	3	4	1	070609	1	2	3	4	1	1	2	 	 	1600
1	5	51050P	17	1	 	1	1	2	 	1	2	4	4	1	1	2	 	 	1130
1	5	51051Q	24	2	3	3	7	1	09	2	 	 	 	 	 	1	09	2	1505
1	5	51052R	24	1	 	4	4	2	 	1	2	6	6	3	3	1	0506	2	1505
1	5	51053S	24	2	2	4	6	1	0709	2	 	 	 	 	 	2	 	 	1032
1	5	51054T	24	2	4	4	6	1	0809	2	 	 	 	 	 	2	 	 	1155
1	5	51055V	24	1	 	4	6	1	08	2	 	 	 	 	 	1	0906	2	1305
1	5	51056W	24	1	 	4	6	1	06	2	 	 	 	 	 	1	0608	2	1142
1	5	51057X	24	1	 	1	1	2	 	1	2	1	1	1	3	3	 	 	1116
1	5	51058Y	25	1	 	1	2	2	 	1	1	2	2	1	3	1	01	2	1140
1	5	51059Z	25	1	 	1	1	1	04	1	2	2	3	1	3	2	 	 	1615
1	5	51060A	25	1	 	3	6	2	 	2	 	 	 	 	 	1	04	2	1115
1	5	51061B	25	1	 	4	7	1	0306	2	 	 	 	 	 	1	01	2	1431
1	5	51062C	25	2	3	4	8	2	 	2	 	 	 	 	 	2	 	 	1520
1	5	51064E	25	1	 	3	1	1	05	1	1	3	6	1	3	1	0609	1	1020
1	5	51065F	25	1	 	1	2	2	 	1	2	3	2	1	3	2	 	 	1015
1	5	51066G	25	1	 	1	1	1	02	1	2	1	1	1	3	2	 	 	1525
1	5	51067H	25	2	3	3	6	1	0506	2	 	 	 	 	 	1	08	2	1350
1	5	51068J	25	1	 	1	1	2	 	1	2	3	3	2	3	2	 	 	1055
1	5	51070L	32	1	 	3	1	1	05	1	2	2	3	1	3	2	 	 	1550
1	5	51071M	32	2	3	4	8	1	09	2	 	 	 	 	 	1	0709	2	1015
1	5	51072N	32	1	 	1	1	1	04	1	2	1	1	2	3	2	 	 	1615
1	5	51073P	32	1	 	1	1	2	 	1	2	2	1	1	3	2	 	 	1203
1	5	51074Q	32	2	3	4	7	2	 	2	 	 	 	 	 	2	 	 	912
1	5	51075R	32	1	 	1	1	2	 	1	2	2	1	1	3	2	 	 	1715
1	5	51076S	32	1	 	1	1	1	040204	1	2	1	2	1	3	2	 	 	1330
1	5	51077T	32	2	3	4	6	1	09	2	 	 	 	 	 	2	 	 	1100
1	5	51078V	32	1	 	3	1	1	05	1	2	2	2	1	3	2	 	 	1205
1	5	51079W	32	2	3	4	2	1	09	1	2	2	3	1	3	2	 	 	1405
1	5	51080X	32	1	 	3	3	2	 	1	2	3	3	1	3	1	0106	2	1220
1	5	51081Y	33	1	 	1	1	2	 	1	2	8	5	2	3	2	 	 	1220
1	5	51082Z	33	2	2	3	6	1	09	2	 	 	 	 	 	2	 	 	1035
1	5	51083A	33	2	3	4	6	1	09	2	 	 	 	 	 	2	 	 	1500
1	5	51084B	33	1	 	1	1	1	06	1	2	4	4	1	3	1	03	2	1045
1	5	51087E	33	1	 	3	5	1	06	1	2	2	2	1	3	2	 	 	1100
1	5	51088F	33	1	 	1	1	2	 	1	2	3	2	1	3	2	 	 	1358
1	5	51089G	33	2	1	3	2	2	 	1	2	4	4	1	3	2	 	 	1405
1	5	51090H	33	1	 	3	6	1	06	2	 	 	 	 	 	2	 	 	1255
1	5	51091J	33	1	 	3	6	2	 	2	 	 	 	 	 	2	 	 	1455
1	5	51092K	33	2	3	4	8	1	06	2	 	 	 	 	 	2	 	 	1130
1	5	51093L	40	1	 	3	7	1	0609	2	 	 	 	 	 	3	 	 	1425
1	5	51094M	40	1	 	3	2	1	0609	1	2	2	6	2	3	1	09	2	1140
1	5	51095N	40	2	1	3	6	2	 	2	 	 	 	 	 	1	08	0	1545
1	5	51096P	40	1	 	1	1	2	 	1	2	2	1	1	3	2	 	 	1420
1	5	51097Q	40	1	 	3	8	1	0306	2	 	 	 	 	 	1	0406	2	1500
1	5	51098R	40	1	 	4	8	1	06	2	 	 	 	 	 	2	 	 	959
1	5	51099S	40	2	3	3	7	1	08	2	 	 	 	 	 	2	 	 	1325
1	5	51100T	40	1	 	1	1	2	 	1	2	4	1	2	3	2	 	 	1500
1	5	51101V	40	1	 	1	1	1	0408	1	2	2	1	2	3	2	 	 	1550
1	5	51102W	40	1	 	1	1	2	 	1	2	2	6	1	3	2	 	 	1230
1	5	51103X	41	2	3	4	8	1	09	2	 	 	 	 	 	2	 	 	1140
1	5	51104Y	41	2	3	4	8	1	09	2	 	 	 	 	 	2	 	 	1310
1	5	51105Z	41	2	3	3	6	1	07	2	 	 	 	 	 	2	 	 	1235
1	5	51107B	41	1	 	1	1	2	 	1	2	1	1	1	3	2	 	 	1500
1	5	51108C	41	1	 	2	4	1	0809	1	2	2	2	1	3	2	 	 	1100
1	5	51109D	41	1	 	1	1	2	 	1	2	1	1	1	3	2	 	 	1355
1	5	51110E	41	1	 	3	5	1	08	1	2	1	1	1	3	1	04	2	1400
1	5	51111F	41	1	 	1	1	2	 	1	2	6	2	1	3	2	 	 	1150
1	5	51112G	41	2	3	3	2	1	09	1	2	1	1	1	3	2	 	 	1230
1	5	51113H	48	2	3	3	2	1	0708	1	2	4	3	2	3	2	 	 	1915
1	5	51114J	48	1	 	3	6	1	0509	2	 	 	 	 	 	1	09	2	1130
1	5	51115K	48	1	 	1	1	2	 	1	2	3	2	1	2	2	 	 	1615
1	5	51116L	48	1	 	4	6	1	030604	2	 	 	 	 	 	1	08	2	1005
1	5	51117M	48	2	1	3	7	1	09	2	 	 	 	 	 	2	 	 	1620
1	5	51118N	48	1	 	1	2	2	 	1	2	1	1	1	3	2	 	 	1815
1	5	51119P	48	1	 	1	1	1	07	1	2	1	1	1	1	1	090708	1	1505
1	5	51120Q	48	1	 	3	3	1	050609	1	2	4	2	1	1	2	 	 	1345
1	5	51121R	48	2	1	4	8	1	0709	2	 	 	 	 	 	1	09	2	1705
1	5	51122S	49	1	 	3	6	1	05	2	 	 	 	 	 	1	98	2	1130
1	5	51123T	49	2	3	4	8	1	0609	2	 	 	 	 	 	2	 	 	1605
1	5	51125W	49	2	3	3	2	1	07	1	2	1	1	1	3	2	 	 	1500
1	5	51127Y	49	2	2	4	8	1	0910	2	 	 	 	 	 	2	 	 	1555
1	5	51128Z	49	1	 	1	1	2	 	1	2	2	2	1	3	1	04	1	1220
1	5	51129A	49	2	3	3	7	1	0709	2	 	 	 	 	 	1	0709	2	1510
1	5	51130B	49	1	 	1	1	2	 	1	2	1	1	1	3	2	 	 	1400
1	5	51131C	49	2	3	3	4	1	09	1	2	2	1	1	3	2	 	 	1310
1	5	51132D	49	2	3	4	5	2	 	1	1	3	2	2	1	2	 	 	1105
1	5	51133E	49	1	 	1	1	2	 	1	2	3	4	1	3	1	06	2	1300
1	5	51134F	56	1	 	1	1	2	 	1	2	1	1	1	3	2	 	 	1840
1	5	51135G	56	2	1	3	6	2	 	2	 	 	 	 	 	2	 	 	1050
1	5	51136H	56	2	1	3	2	1	02	1	2	0	 	 	3	2	 	 	1435
1	5	51137J	56	1	 	3	2	1	05	1	2	5	2	1	3	2	 	 	1645
1	5	51138K	56	2	4	4	6	2	 	2	 	 	 	 	 	2	 	 	1200
1	5	51139L	56	1	 	1	1	1	04	1	2	4	4	1	3	2	 	 	1810
1	5	51141N	57	2	3	3	7	1	07	2	 	 	 	 	 	3	 	 	1450
1	5	51142P	57	2	1	3	5	1	09	1	2	5	3	1	3	2	 	 	1245
1	5	51143Q	57	2	3	3	8	1	07	2	 	 	 	2	 	 	     1	1	45
1	5	51144R	57	1	 	3	8	1	03	2	 	 	 	 	 	2	 	 	1900
1	5	51145S	57	1	 	3	7	1	04	2	 	 	 	 	 	3	 	 	1045
1	5	51146T	57	2	3	3	8	2	 	2	 	 	 	 	 	2	 	 	1035
1	5	51147V	57	2	3	3	3	1	08	1	1	6	3	2	3	1	07	2	1849
1	5	51148W	57	2	3	4	8	2	 	2	 	 	 	 	 	2	 	 	1130
1	5	51149X	57	1	 	3	8	1	0503	2	 	 	 	 	 	1	06	2	1445
1	5	51150Y	57	2	3	4	8	1	03	2	 	 	 	 	 	1	08	2	1545
1	5	51151Z	57	2	3	4	8	1	02	2	 	 	 	 	 	2	 	 	1345
1	5	51152A	57	2	3	4	8	1	09	2	 	 	 	 	 	1	98	2	1245
1	5	51153B	64	2	3	3	1	1	07	1	2	3	4	1	3	2	 	 	1334
1	5	51154C	64	1	 	1	1	2	 	1	 	1	3	1	3	2	 	 	1148
1	5	51155D	64	2	3	3	3	1	09	1	2	6	6	4	1	1	0809	2	1616
1	5	51156E	64	1	 	1	1	2	 	1	2	4	4	1	3	2	 	1	245
1	5	51158G	64	1	 	1	1	2	 	1	2	1	2	1	3	2	 	 	1336
1	5	51159H	64	1	 	3	7	1	0306	2	 	 	 	2	 	 	     1	0	36
1	5	51160J	64	1	 	1	1	2	 	1	2	3	3	1	3	2	 	 	1704
1	5	51161K	64	2	1	4	8	1	0609	2	 	 	 	1	0	9	    21	0	26
1	5	51162L	64	1	 	3	7	 	0306	2	 	 	 	1	0	1	    21	1	55
1	5	51163M	64	1	 	1	1	2	 	1	2	6	5	1	3	1	04	1	1201
1	5	51164N	64	1	 	1	1	1	0306	1	2	1	1	1	3	1	05	1	1510
1	5	51165P	64	1	 	1	1	1	04	1	2	3	3	1	3	1	 	1	1512
1	5	51166Q	64	1	 	1	1	2	 	1	2	6	6	1	3	2	 	 	1034
1	5	51167R	64	1	 	1	1	1	04	1	2	4	4	2	3	1	04	1	1632
1	5	51168S	65	2	3	4	6	1	08	2	 	 	 	 	 	1	08	2	1405
1	5	51169T	65	1	 	3	5	1	030608	2	 	 	 	 	 	1	0506	2	1040
1	5	51170V	65	2	2	3	1	1	08	1	2	2	4	1	3	1	08	2	1055
1	5	51171W	65	1	 	2	3	1	05	1	2	3	2	1	3	1	04	1	1220
1	5	51172X	65	1	 	3	2	2	 	1	2	3	3	1	3	2	 	 	1215
1	5	51173Y	65	1	 	4	8	1	0509	2	 	 	 	 	 	1	09	2	1450
1	5	51174Z	65	1	 	1	1	2	 	1	2	3	4	1	3	1	0104	2	1115
1	5	51175A	65	1	 	3	4	1	0403	1	2	1	1	1	3	1	0605	2	1047
1	5	51176B	65	1	 	1	1	1	05	1	2	5	2	2	3	1	04	1	1000
1	5	51177C	65	1	 	1	1	2	 	1	1	3	1	1	3	1	0401	1	1126
1	5	51178D	65	1	 	1	1	2	 	1	2	2	2	1	3	2	 	 	1134
1	5	51179E	72	1	 	3	3	1	07	1	2	6	2	1	3	2	 	 	1650
1	5	51181G	72	1	 	1	1	2	 	1	2	4	3	1	3	2	 	 	1130
1	5	51182H	72	2	1	4	7	9	 	2	 	 	 	 	 	2	 	 	1115
1	5	51183J	72	1	 	3	5	1	07	1	2	6	3	1	3	2	 	 	1227
1	5	51184K	72	1	 	2	5	2	 	1	2	6	2	1	3	1	01	1	1015
1	5	51185L	72	2	2	4	7	1	02	2	 	 	 	 	 	2	 	 	948
1	5	51186M	72	1	 	1	1	1	04	1	2	7	2	1	3	2	 	 	1440
1	5	51187N	72	1	 	1	1	2	 	1	2	6	2	1	3	2	 	 	1435
1	5	51188P	72	1	 	1	3	2	 	1	2	6	2	1	3	1	04	2	1612
1	5	51189Q	72	2	1	3	3	1	0709	1	2	1	1	1	3	2	 	 	1640
1	5	51192T	73	1	 	3	8	1	0608	2	 	 	 	1	0	1	    21	4	15
1	5	51193V	73	1	 	1	2	2	 	1	2	3	2	1	3	1	04	2	1430
1	5	51194W	73	2	3	3	6	1	0708	2	 	 	 	 	2	 	 	1	15
1	5	51195X	73	2	3	3	8	1	0609	2	 	 	 	 	 	2	 	 	1308
1	5	51196Y	73	1	 	1	1	1	04	1	2	4	2	1	3	2	 	 	1145
1	5	51197Z	73	2	3	3	5	1	08	1	2	4	2	1	1	1	07	2	1220
1	5	51198A	73	1	 	4	7	1	0401	2	 	 	 	 	 	1	98	2	1045
1	5	51199B	73	1	 	1	1	1	06	1	2	4	4	1	3	2	 	 	1115
1	5	51200C	73	1	 	3	6	1	06	2	 	 	 	 	 	2	 	 	1130
1	5	51201D	73	1	 	1	1	2	 	1	2	5	4	1	3	2	 	 	1040
1	5	51202E	73	1	 	1	2	2	 	1	2	5	2	2	3	2	 	 	1323
1	5	51204G	80	2	3	4	8	2	 	2	 	 	 	 	 	1	09	2	1525
1	5	51205H	80	2	4	4	6	1	0709	2	 	 	 	 	 	2	 	 	1015
1	5	51206J	80	1	 	1	1	2	 	1	2	6	2	1	3	2	 	 	1140
1	5	51207K	80	1	 	2	3	2	 	1	2	1	1	1	3	2	 	 	1630
1	5	51208L	80	2	1	3	7	2	 	2	 	 	 	 	 	2	 	 	955
1	5	51209M	80	2	3	3	6	1	07	2	 	 	 	 	 	2	 	 	1435
1	5	51210N	80	1	 	1	1	2	 	1	2	1	1	1	3	2	 	 	1550
1	5	51211P	80	1	 	1	1	2	 	1	2	4	2	1	3	2	 	 	1150
1	5	51212Q	80	1	 	4	6	2	 	2	 	 	 	 	 	3	 	 	1020
1	5	51213R	80	1	 	2	2	1	0508	1	2	5	2	1	3	3	 	 	1025
1	5	51214S	80	2	1	1	1	1	0802	1	2	7	3	1	3	2	 	 	1250
1	5	51215T	80	1	 	1	1	2	 	1	2	1	3	1	3	2	 	 	1215
1	5	51216V	80	2	3	3	6	1	07	2	 	 	 	 	 	1	0807	2	1110
1	5	52217H	1	2	1	1	2	1	09	1	2	0	 	 	1	3	 	 	1435
1	5	52218J	1	2	1	1	0	 	 	2	 	 	 	 	 	3	 	 	1540
1	5	52219K	1	2	3	1	1	2	 	1	2	0	 	 	1	3	 	 	1340
1	5	52220L	8	2	4	4	0	 	 	2	 	 	 	 	 	3	 	 	927
1	5	52221M	8	1	 	1	2	2	 	1	2	0	 	 	1	2	 	 	958
1	5	52222N	8	1	 	1	1	2	 	1	2	0	 	 	1	1	04	2	1101
1	5	52223P	8	1	 	2	3	2	 	1	2	0	 	 	1	3	 	 	1155
1	5	52224Q	8	2	3	2	3	2	 	1	2	0	 	 	1	2	 	 	1120
1	5	52225R	9	1	 	1	2	1	0306	1	2	0	 	 	3	2	 	 	1350
1	5	52226S	9	2	3	3	3	1	08	1	2	0	 	 	1	2	 	 	1430
1	5	52227T	17	2	3	3	1	1	09	1	2	0	 	 	1	2	 	 	1420
1	5	52228V	17	2	2	2	0	 	 	2	 	 	 	 	 	3	 	 	1505
1	5	52230X	24	2	3	4	7	2	 	2	 	 	 	 	 	2	 	 	1235
1	5	52231Y	24	2	8	4	0	 	 	2	 	 	 	 	 	2	 	 	1420
1	5	52232Z	32	1	 	2	1	1	08	1	2	5	6	1	3	2	 	 	1245
1	5	52233A	32	1	 	2	1	1	0608	1	2	5	3	1	3	1	05	2	1135
1	5	52234B	32	1	 	1	4	2	 	1	2	5	3	1	3	3	 	 	1530
1	5	52236D	32	2	3	4	0	 	 	2	 	 	 	 	 	2	 	 	1445
1	5	52237E	33	2	3	4	2	1	09	1	2	4	3	1	3	1	0708	2	1230
1	5	52238F	33	2	1	3	6	1	09	2	 	 	 	 	 	2	 	 	1130
1	5	52239G	40	2	3	3	2	1	07	1	2	4	6	2	1	1	07	2	1050
1	5	52241J	40	2	3	3	0	 	 	2	 	 	 	 	 	2	 	 	1135
1	5	52242K	48	2	3	3	6	1	0708	2	 	 	 	 	 	1	0809	2	1528
1	5	52243L	48	2	3	4	6	1	0306	2	 	 	 	 	 	2	 	 	1425
1	5	52244M	64	2	3	4	8	1	09	2	 	 	 	 	 	2	 	 	1439
1	5	52245N	65	1	 	4	7	2	 	2	 	 	 	 	 	1	050608	2	1325
1	5	52246P	72	2	1	4	7	1	08	2	 	 	 	 	 	2	 	 	1045
1	5	52247Q	73	1	 	3	1	2	 	1	2	1	1	1	2	2	 	 	1050
1	5	52248R	73	2	8	4	0	 	 	2	 	 	 	 	 	2	 	 	1136
1	5	52249S	73	2	8	4	0	 	 	2	 	 	 	 	 	3	 	1	120
1	5	52250T	80	2	3	4	8	1	06	2	 	 	 	 	 	2	 	 	1355
1	5	52251V	80	1	 	4	7	1	0506	2	 	 	 	 	 	1	060401	2	1440
1	5	52253X	25	2	4	1	1	2	 	1	2	0	 	 	1	2	 	 	955
1	5	52254Y	73	2	4	4	4	1	09	1	2	0	 	 	1	2	 	 	1320
2	5	61001F	2	2	4	4	6	1	09	2	 	 	 	 	 	2	 	 	1418
2	5	61002G	2	1	 	3	3	1	0907	1	2	1	1	1	2	2	 	 	1145
2	5	61003H	2	2	4	4	8	1	09	2	 	 	 	 	 	2	 	 	1445
2	5	61005K	2	2	1	3	6	1	09	2	 	 	 	 	 	1	09	2	1340
2	5	61006L	2	1	 	2	3	2	 	1	2	3	1	1	3	2	 	 	1140
2	5	61007M	2	2	4	4	2	2	0907	1	2	1	1	1	3	2	 	 	1520
2	5	61008N	2	2	1	3	6	1	0809	2	 	 	 	 	 	2	 	 	1540
2	5	61009P	2	2	3	3	2	1	09	1	1	1	1	1	1	1	07	2	1055
2	5	61010Q	2	2	3	3	1	1	09	1	1	5	4	1	1	2	 	 	1515
2	5	61012S	2	2	3	4	6	1	09	2	 	 	 	 	 	1	09	2	1055
2	5	61013T	7	2	3	3	6	1	09	2	 	 	 	 	 	2	 	 	1524
2	5	61014V	7	2	1	3	3	1	09	1	2	6	4	2	3	2	 	 	1710
2	5	61015W	7	2	3	3	1	2	 	1	2	0	 	 	1	2	 	 	1152
2	5	61018Z	7	2	3	2	2	1	07	1	2	2	4	1	1	2	 	 	1445
2	5	61019A	7	2	3	4	8	1	0609	2	 	 	 	 	 	2	 	 	1400
2	5	61020B	7	1	 	1	1	2	 	1	2	2	1	1	3	1	01	1	1840
2	5	61021C	7	1	 	3	3	2	 	1	2	2	2	1	3	2	 	 	1246
2	5	61022D	10	2	3	4	8	1	09	2	 	 	 	 	 	2	 	 	1000
2	5	61023E	10	2	1	3	7	2	 	2	 	 	 	 	 	1	09	2	1050
2	5	61025G	10	2	3	4	8	2	 	2	 	 	 	 	 	2	 	 	1007
2	5	61026H	10	2	2	3	5	1	09	1	2	3	3	1	3	2	 	 	1116
2	5	61027J	10	2	3	3	1	1	09	1	2	3	4	1	1	2	 	 	1455
2	5	61028K	10	2	2	3	4	1	08	1	2	3	2	1	3	2	 	 	1038
2	5	61029L	10	1	 	3	5	2	 	1	0	 	 	 	0	2	 	 	1212
2	5	61030M	10	1	 	3	1	1	04	1	2	5	3	1	3	2	 	 	1605
2	5	61031N	15	2	3	4	8	1	09	2	 	 	 	 	 	2	 	 	1608
2	5	61032P	15	2	3	4	6	1	08	2	 	 	 	 	 	1	09	2	1355
2	5	61033Q	15	2	3	3	6	1	09	2	 	 	 	 	 	2	 	 	958
2	5	61034R	15	2	3	4	7	1	09	2	 	 	 	 	 	2	 	 	1147
2	5	61035S	15	1	 	1	1	1	020608	1	2	3	4	1	3	2	 	 	1602
2	5	61036T	15	1	 	1	1	2	 	1	2	2	4	2	3	1	01	2	1515
2	5	61037V	15	2	3	3	7	1	09	2	 	 	 	 	 	1	09	2	1046
2	5	61038W	15	2	4	3	1	1	08	1	2	5	4	1	3	2	 	 	1447
2	5	61039X	15	1	 	1	1	2	 	1	2	3	4	1	1	1	05	2	1101
2	5	61040Y	15	1	 	2	4	1	0109	1	2	8	2	2	1	2	 	 	1715
2	5	61041Z	18	2	3	3	8	1	09	2	 	 	 	 	 	2	 	 	1010
2	5	61042A	18	2	3	3	2	1	09	1	2	2	6	2	3	2	 	 	1646
2	5	61043B	18	2	3	3	6	1	09	2	 	 	 	 	 	2	 	 	1504
2	5	61044C	18	2	3	3	7	1	0709	2	 	1	1	1	3	2	 	 	1210
2	5	61045D	18	2	3	3	8	1	0609	2	 	 	 	 	 	2	 	 	1412
2	5	61047F	18	1	 	3	4	1	0609	1	2	2	1	1	3	1	0609	2	1034
2	5	61049H	18	1	 	1	1	2	 	1	2	4	2	1	2	2	 	 	1019
2	5	61050J	18	2	3	3	5	1	0709	1	2	0	 	 	3	2	 	 	1125
2	5	61051K	18	2	2	3	7	1	0609	2	 	 	 	 	 	2	 	 	1224
2	5	61052L	18	1	 	2	1	1	0305	1	2	3	2	1	3	2	 	 	1130
2	5	61053M	23	2	3	4	7	2	 	2	 	 	 	 	 	2	 	 	1140
2	5	61054N	23	2	1	4	7	1	08	2	 	 	 	 	 	2	 	 	1230
2	5	61056Q	23	2	3	3	2	1	09	1	2	7	3	2	3	1	09	2	1230
2	5	61057R	23	2	3	3	4	1	09	1	2	3	4	2	1	2	 	 	1710
2	5	61058S	23	2	1	2	2	2	 	1	2	1	1	1	3	2	 	 	1135
2	5	61059T	23	1	 	1	1	1	04	1	2	4	4	1	3	2	 	 	1505
2	5	61061W	23	1	 	3	7	1	09	2	 	 	 	 	 	1	06	2	1600
2	5	61063Y	26	2	2	3	4	1	09	1	2	3	2	2	3	1	09	2	1110
2	5	61064Z	26	2	2	3	8	1	02	2	 	 	 	 	 	1	09	2	1020
2	5	61067C	26	1	 	2	2	2	 	1	2	3	2	1	3	2	 	 	1130
2	5	61068D	26	1	 	3	1	1	0306	1	1	2	2	1	3	2	 	 	1225
2	5	61069E	26	1	 	4	8	1	06	2	 	 	 	 	 	1	06	2	1025
2	5	61070F	26	1	 	3	4	1	02	1	2	2	3	1	1	1	06	2	1155
2	5	61071G	26	1	 	1	2	2	 	1	2	4	2	2	1	1	03	1	1309
2	5	61072H	26	2	3	3	7	1	07	2	 	 	 	 	 	2	 	 	1105
2	5	61073J	31	2	3	3	6	1	0709	2	 	 	 	 	 	2	 	 	1221
2	5	61074K	31	2	4	4	7	1	08	2	 	 	 	 	 	2	 	 	1207
2	5	61076M	31	1	 	3	2	1	0305	1	1	0	 	 	1	1	04	2	1350
2	5	61077N	31	2	3	4	8	1	0708	2	 	 	 	 	 	1	09	2	1122
2	5	61078P	31	2	1	4	0	 	 	2	 	 	 	 	 	1	09	2	1630
2	5	61080R	31	1	 	1	1	2	 	1	2	5	2	1	3	1	04	1	1630
2	5	61081S	31	1	 	1	1	1	09	1	2	4	2	1	3	2	 	2	1511
2	5	61083V	34	2	4	3	4	1	09	1	2	6	3	3	1	1	07	2	1100
2	5	61084W	34	2	3	4	0	 	 	2	 	 	 	 	 	2	07	2	1430
2	5	61085X	34	2	3	4	8	1	0205	2	 	 	 	 	 	2	09	2	1135
2	5	61086Y	34	1	 	1	1	2	 	1	2	5	2	1	3	1	05	2	1630
2	5	61087Z	34	1	 	1	1	2	 	1	2	3	1	1	3	2	 	 	1317
2	5	61088A	34	1	 	4	8	2	 	2	 	 	 	 	 	1	06	2	1525
2	5	61089B	34	2	1	3	8	1	07	2	 	 	 	 	 	2	 	 	1215
2	5	61090C	39	2	4	2	1	1	98	1	2	3	3	2	1	2	 	 	1112
2	5	61091D	39	2	3	4	8	1	09	2	 	 	 	 	 	2	 	 	937
2	5	61092E	39	2	4	4	8	2	06	2	 	 	 	 	 	2	 	 	1320
2	5	61094G	39	2	3	3	4	1	07	1	2	5	3	2	1	2	 	 	1440
2	5	61095H	39	2	3	3	3	1	09	1	2	5	3	1	3	2	 	 	1310
2	5	61096J	39	2	3	4	6	1	09	2	 	 	 	 	 	1	09	2	1550
2	5	61098L	39	1	 	2	3	1	05	1	2	4	2	1	3	1	050406	2	1218
2	5	61101P	42	2	3	4	6	2	 	2	 	 	 	 	 	2	 	 	1015
2	5	61102Q	42	1	 	4	8	0	 	2	 	 	 	 	 	3	 	 	1105
2	5	61103R	42	1	 	4	0	 	 	2	 	 	 	 	 	1	06	2	1220
2	5	61104S	42	1	 	2	2	2	 	1	2	2	1	1	3	2	 	 	1150
2	5	61105T	42	2	3	3	6	1	09	2	 	 	 	 	 	1	09	2	1530
2	5	61106V	47	2	1	3	1	1	09	1	2	2	2	1	3	2	 	 	1010
2	5	61107W	47	1	 	2	3	2	 	1	2	6	3	2	3	1	11	2	1450
2	5	61110Z	47	1	 	4	8	1	06	2	 	 	 	 	 	1	05	2	1540
2	5	61112B	47	1	 	3	3	1	0709	1	2	5	4	1	1	2	 	 	1250
2	5	61113C	47	1	 	1	2	2	 	1	2	1	2	1	3	1	01	1	1310
2	5	61114D	47	1	 	2	1	1	0604	1	2	7	2	2	2	2	 	 	1555
2	5	61115E	47	1	 	1	1	2	 	1	2	5	2	1	3	2	 	 	1615
2	5	61116F	47	1	 	1	1	1	07	1	2	7	2	1	3	1	09	1	1450
2	5	61117G	50	2	3	4	6	1	09	2	 	 	 	 	 	2	 	 	1125
2	5	61118H	50	2	1	3	4	1	07	1	2	1	1	2	3	3	 	 	1340
2	5	61119J	50	2	3	4	6	1	08	2	 	 	 	 	 	2	 	 	1228
2	5	61120K	50	2	3	4	8	1	0609	2	 	 	 	 	 	1	09	2	1037
2	5	61121L	50	1	 	4	4	2	 	1	2	 	4	1	1	1	0104	2	936
2	5	61122M	50	1	 	1	1	2	 	1	2	2	1	2	3	2	 	 	1530
2	5	61123N	50	2	3	3	4	1	09	1	2	2	1	1	3	2	 	 	1422
2	5	61125Q	55	1	 	3	4	1	09	1	2	2	3	1	3	2	 	 	1230
2	5	61126R	55	1	 	4	8	1	05	2	 	 	 	 	 	2	 	 	1100
2	5	61127S	55	1	 	2	1	1	04	1	2	1	1	1	3	1	04	1	1055
2	5	61128T	55	1	 	3	4	1	08	1	2	6	4	1	3	2	 	 	1355
2	5	61129V	55	2	1	4	5	2	0609	1	2	3	2	1	3	2	 	 	1255
2	5	61130W	55	1	 	1	1	2	 	1	2	1	3	1	3	2	 	 	1005
2	5	61131X	55	2	1	3	1	1	09	1	2	2	4	1	3	2	 	 	1145
2	5	61132Y	55	2	3	4	8	1	09	2	 	 	 	 	 	1	09	2	1115
2	5	61133Z	55	1	 	1	1	2	 	1	2	2	2	1	3	2	 	 	1450
2	5	61134A	55	1	 	1	1	2	 	1	2	5	4	1	3	2	 	 	1020
2	5	61135B	55	2	1	4	7	1	0609	2	 	 	 	 	 	2	 	 	1710
2	5	61136C	55	1	 	1	1	2	 	1	2	2	2	2	3	2	 	 	 
2	5	61137D	55	1	 	1	1	1	04	1	2	2	2	1	3	2	 	 	1355
2	5	61138E	58	2	3	3	6	1	07	2	 	 	 	 	 	2	 	 	1231
2	5	61139F	58	2	3	3	8	1	08	2	 	 	 	 	 	2	 	 	1226
2	5	61141H	58	2	3	3	8	2	 	2	 	 	 	 	 	2	 	 	1427
2	5	61142J	58	1	 	3	4	1	0609	1	2	2	0	1	3	3	 	 	1045
2	5	61143K	58	1	 	1	1	2	 	1	2	4	2	1	3	1	05	2	1320
2	5	61144L	58	1	 	1	1	2	 	1	2	5	2	1	3	1	04	2	1340
2	5	61145M	58	2	3	3	6	1	07	2	 	 	 	 	 	2	 	 	1142
2	5	61146N	63	2	3	3	5	1	09	1	2	5	2	3	3	2	 	 	1048
2	5	61147P	63	2	3	4	8	1	07	2	 	 	 	 	 	2	 	 	1445
2	5	61148Q	63	1	 	3	1	1	08	1	1	0	 	 	3	1	0904	2	1822
2	5	61149R	63	2	3	4	6	1	07	2	 	 	 	 	 	2	 	 	1453
2	5	61150S	63	2	1	3	4	1	07	1	2	6	2	1	3	2	 	 	1240
2	5	61151T	63	1	 	3	3	2	 	1	2	3	2	1	3	1	05	 	1655
2	5	61152V	63	1	 	3	3	2	 	1	2	5	3	1	1	2	 	 	1237
2	5	61153W	63	2	3	4	6	1	07	2	 	 	 	 	 	2	 	 	1127
2	5	61154X	63	1	 	1	2	2	 	1	2	4	2	1	3	3	 	 	1603
2	5	61155Y	63	1	 	1	1	2	 	1	2	2	1	2	3	2	 	 	1556
2	5	61156Z	63	1	 	1	1	2	 	1	2	2	2	1	3	1	04	2	1640
2	5	61157A	63	1	 	1	1	2	 	1	2	2	1	1	3	2	 	 	1700
2	5	61158B	63	2	3	3	7	2	 	2	 	 	 	 	 	2	 	 	1139
2	5	61159C	63	1	 	1	1	1	06	1	2	2	1	1	3	2	 	 	1537
2	5	61160D	63	1	 	1	1	2	 	1	2	5	2	1	3	2	 	 	1804
2	5	61161E	63	2	2	4	8	1	09	2	 	 	 	 	 	1	09	 	1147
2	5	61162F	63	1	 	3	5	1	04	1	2	5	4	1	3	2	 	 	1055
2	5	61163G	66	2	3	3	1	1	07	1	2	1	1	1	3	2	 	 	1150
2	5	61165J	66	1	 	1	1	2	 	1	2	1	1	1	3	2	 	 	1030
2	5	61166K	66	2	1	4	8	1	08	2	 	 	 	 	 	2	 	 	1112
2	5	61169N	66	2	2	2	3	1	09	1	2	1	1	1	3	2	 	 	1356
2	5	61170P	66	1	 	1	1	2	 	1	2	1	1	1	3	2	 	 	1445
2	5	61171Q	71	1	 	2	1	1	09	1	2	3	6	1	3	1	09	1	1545
2	5	61172R	71	2	2	3	8	1	09	2	 	 	 	 	 	2	 	 	1125
2	5	61173S	71	2	3	3	6	1	08	2	 	 	 	 	 	2	 	 	925
2	5	61174T	71	2	3	3	5	1	060905	1	2	2	3	1	3	2	 	 	1450
2	5	61175V	71	1	 	3	6	1	08	2	 	 	 	 	 	2	 	 	1045
2	5	61176W	71	1	 	1	1	1	07	1	2	4	2	1	3	1	09	1	1250
2	5	61177X	71	1	 	2	1	2	 	1	2	5	2	1	3	2	 	 	1005
2	5	61178Y	71	2	3	3	8	1	03	2	 	 	 	 	 	2	 	 	1335
2	5	61179Z	71	1	 	2	1	2	 	1	2	4	3	1	3	2	 	 	1215
2	5	61181B	71	1	 	3	6	1	0306	2	 	 	 	 	 	1	0406	2	1435
2	5	61182C	71	1	 	1	1	2	 	1	2	6	2	1	3	2	 	 	1725
2	5	61183D	71	1	 	1	1	2	 	1	2	7	5	2	3	1	01	1	950
2	5	61184E	71	1	 	1	1	2	 	1	2	4	3	2	3	2	 	 	1040
2	5	61185F	71	1	 	1	1	2	 	1	2	3	2	1	3	1	06	2	1205
2	5	61186G	71	1	 	1	1	1	0509	1	2	5	2	1	3	1	08	1	1615
2	5	61187H	71	1	 	2	2	2	 	1	2	6	3	1	3	1	04	2	1105
2	5	61188J	74	1	 	3	1	1	04	1	2	7	3	1	3	1	06	2	1525
2	5	61189K	74	1	 	1	1	1	05	1	2	1	2	1	3	2	 	 	1220
2	5	61190L	74	1	 	1	1	2	 	1	2	2	1	1	3	2	 	 	1045
2	5	61192N	74	1	 	1	1	2	 	1	2	6	2	1	3	1	01	1	1147
2	5	61193P	74	2	3	4	8	1	0609	2	 	 	 	 	 	2	 	 	1410
2	5	61194Q	74	1	 	1	1	2	 	1	2	2	1	1	3	1	05	1	1155
2	5	61195R	74	1	 	3	4	1	0306	1	2	6	3	1	3	1	98	2	1310
2	5	61196S	79	2	4	4	8	1	06	2	 	 	 	 	 	2	 	 	1545
2	5	61197T	79	2	0	3	8	1	09	2	 	 	 	 	 	1	09	2	1145
2	5	61198V	79	1	 	4	8	1	06	2	 	 	 	 	 	1	09	2	1100
2	5	61199W	79	1	 	1	1	1	01	1	2	6	2	1	3	2	 	 	1100
2	5	61200X	79	2	2	4	7	1	09	2	 	 	 	 	 	1	09	2	1245
2	5	61201Y	79	2	3	3	1	1	09	1	2	1	1	1	3	1	09	1	1155
2	5	62202L	7	2	3	2	2	2	 	1	2	0	 	 	1	2	 	 	1045
2	5	62203M	7	2	3	3	2	2	 	1	3	0	 	 	4	2	 	 	1005
2	5	62204N	10	2	3	4	8	1	0609	2	 	 	 	 	 	2	 	 	1205
2	5	62205P	15	2	1	4	3	0	 	1	3	0	 	 	1	2	 	 	1147
2	5	62206Q	15	2	3	4	0	 	 	2	 	 	 	 	 	2	 	 	1222
2	5	62207R	23	1	 	3	2	2	 	1	2	3	3	2	1	1	0105	2	1605
2	5	62208S	23	2	3	3	5	1	09	1	3	9	3	4	3	1	07	2	1530
2	5	62209T	23	2	1	3	1	1	09	1	2	0	 	 	1	2	 	 	1445
2	5	62210V	26	2	3	3	1	2	 	1	2	0	 	 	1	2	 	2	1020
2	5	62211W	26	2	3	3	0	 	 	2	 	 	 	 	 	2	 	 	1057
2	5	62212X	26	2	2	4	8	1	0609	2	 	 	 	 	 	2	 	 	1514
2	5	62213Y	26	1	 	3	1	2	 	1	2	0	 	 	1	2	06	1	1540
2	5	62214Z	26	2	2	3	5	2	 	1	2	0	 	 	1	1	09	1	1439
2	5	62215A	31	1	 	1	1	2	 	1	2	0	 	 	3	2	 	 	1106
2	5	62216B	31	2	3	2	1	2	 	1	2	0	 	 	1	2	 	 	1020
2	5	62217C	31	2	3	1	1	2	 	1	2	0	 	 	1	2	 	2	1312
2	5	62218D	31	2	3	1	1	2	 	1	3	0	 	 	1	2	 	 	1420
2	5	62219E	31	2	0	1	1	2	 	1	2	0	 	 	1	3	 	 	1331
2	5	62220F	39	2	3	3	3	1	07	1	2	0	 	 	1	2	 	 	1220
2	5	62221G	42	1	 	2	2	2	 	1	2	0	 	 	1	3	 	 	1447
2	5	62222H	42	1	 	4	2	2	 	1	2	0	 	 	3	2	 	 	1400
2	5	62223J	42	1	 	3	2	2	 	1	3	0	 	 	1	1	98	2	1015
2	5	62224K	47	2	8	3	3	1	09	1	2	0	 	 	1	2	 	 	1200
2	5	62225L	47	1	 	3	0	 	 	2	 	 	 	 	 	3	 	 	1210
2	5	62226M	47	2	3	4	8	1	07	2	 	 	 	 	 	2	 	 	1145
2	5	62227N	55	2	1	4	8	1	0609	2	 	 	 	 	 	2	 	 	1428
2	5	62228P	58	2	3	1	1	2	 	1	2	0	 	 	1	1	09	1	1115
2	5	62229Q	58	2	3	1	1	2	 	1	2	0	 	 	1	2	 	 	1135
2	5	62230R	74	2	3	4	7	1	0609	2	 	 	 	 	 	3	 	 	1045
2	5	62231S	74	1	 	1	2	2	 	1	2	1	1	1	3	2	 	 	1123
2	5	62232T	79	1	 	1	1	1	06	1	1	1	1	1	3	2	 	 	1100
2	5	62233V	2	2	3	4	7	1	03	2	 	 	 	 	 	2	 	 	1121
2	5	62235X	18	2	4	4	6	1	09	2	 	 	 	 	 	1	07	2	1515
2	5	62236Y	18	1	 	4	9	 	 	2	 	0	 	 	3	2	 	 	1430
2	5	62237Z	50	2	3	4	0	 	 	2	 	 	 	 	 	2	 	 	1120
2	5	62238A	50	2	8	4	8	1	0609	2	 	 	 	 	 	3	 	 	1040
2	5	62240C	58	2	1	4	8	1	0609	2	 	 	 	 	 	1	09	2	1405
2	5	62241D	58	2	3	4	7	1	0609	2	 	 	 	 	 	2	 	 	1435
2	5	62242E	74	2	3	3	8	1	02	2	 	 	 	 	 	2	 	 	1405
2	5	62243F	39	2	3	3	8	2	98	2	 	 	 	 	 	2	 	 	1015
2	5	62244G	39	1	 	2	1	1	98	1	2	1	1	1	3	2	 	 	1125
2	5	62245H	50	2	2	4	0	 	 	2	 	 	 	 	 	2	 	 	1440
2	5	62246J	50	2	4	4	0	 	 	2	 	 	 	 	 	3	 	 	1220
2	5	62247K	50	2	3	4	0	 	 	2	 	 	 	 	 	2	 	 	1415
2	5	62248L	79	2	2	3	4	2	 	1	3	 	8	 	1	3	 	 	0
2	5	62249M	79	1	 	3	1	1	07	1	2	0	 	 	1	3	 	 	1300
2	5	62250N	18	1	 	3	5	1	09	1	2	0	 	 	3	2	 	 	1158
2	5	62252Q	18	2	4	4	5	1	0709	1	3	0	 	 	3	2	 	 	1114
2	5	62253R	55	2	1	4	0	 	 	2	 	 	 	 	 	2	 	 	1120
3	5	71001A	6	2	3	4	6	1	09	2	 	 	 	 	 	1	0709	2	1207
3	5	71002B	6	2	3	4	6	1	09	2	 	 	 	 	 	2	 	 	1215
3	5	71003C	6	1	 	3	2	2	 	1	2	1	1	1	3	2	 	 	1320
3	5	71004D	6	1	 	3	4	2	 	1	2	1	3	2	1	1	09	2	1401
3	5	71005E	6	2	3	3	1	1	0709	1	2	3	1	1	1	2	 	2	1504
3	5	71006F	6	2	3	4	6	1	0809	2	 	 	 	 	 	1	09	2	1403
3	5	71007G	6	2	3	4	8	2	 	2	 	 	 	 	 	2	 	 	1541
3	5	71008H	6	2	3	1	3	2	 	1	2	5	4	2	1	2	 	 	1430
3	5	71009J	6	2	3	3	6	1	09	2	 	 	 	 	 	2	 	 	1245
3	5	71010K	6	2	3	4	7	1	09	2	 	 	 	 	 	1	09	1	1032
3	5	71011L	6	2	3	4	8	1	020609	2	 	 	 	 	 	2	 	 	1140
3	5	71013N	6	2	1	3	1	1	07	1	2	1	4	1	1	2	 	2	1039
3	5	71014P	6	2	3	4	8	1	020609	2	 	 	 	 	 	2	 	2	1110
3	5	71016R	11	1	 	2	4	2	 	1	2	7	4	2	1	1	04	2	1055
3	5	71017S	11	2	3	4	6	1	09	2	 	 	 	 	 	2	 	 	1035
3	5	71018T	11	1	 	3	6	1	03	2	 	 	 	 	 	1	03	2	1156
3	5	71019V	11	2	3	3	3	1	02	1	2	5	4	1	4	2	 	 	1115
3	5	71020W	11	2	3	3	3	2	 	1	2	1	1	1	3	2	 	 	1210
3	5	71022Y	11	1	 	4	6	1	03	2	 	 	 	 	 	1	03	2	1312
3	5	71023Z	11	2	3	4	7	1	03	2	 	 	 	 	 	2	09	2	1235
3	5	71024A	14	2	3	3	6	1	0709	2	 	 	 	 	 	2	 	 	1235
3	5	71026C	14	1	 	1	1	2	 	1	2	3	2	1	3	2	 	 	1440
3	5	71027D	14	2	3	3	6	1	09	2	 	 	 	 	 	2	 	 	1530
3	5	71028E	14	2	3	4	8	2	 	2	 	 	 	 	 	3	 	 	1330
3	5	71029F	14	2	3	3	8	1	0609	2	 	 	 	 	 	1	0907	2	1145
3	5	71030G	14	2	1	3	6	1	09	2	 	 	 	 	 	1	0907	2	1115
3	5	71031H	14	1	 	1	1	2	 	1	2	3	2	1	3	2	 	 	1215
3	5	71032J	14	1	 	1	1	2	 	1	2	1	1	2	1	2	 	 	1105
3	5	71033K	14	1	 	3	2	1	0709	1	2	1	2	2	1	1	01	2	1110
3	5	71034L	14	2	3	4	8	1	0302	2	 	 	 	 	 	2	 	 	1130
3	5	71035M	19	1	 	1	1	2	 	1	2	4	2	1	3	2	 	 	1331
3	5	71036N	19	2	3	4	5	1	06	1	2	2	1	1	3	2	 	 	1132
3	5	71037P	19	1	 	3	5	1	04	1	2	2	3	1	3	2	 	 	1223
3	5	71038Q	19	2	3	4	6	1	03	2	 	 	 	 	 	2	 	 	1359
3	5	71039R	19	1	 	3	8	2	 	2	 	 	 	 	 	1	04	2	1107
3	5	71041T	27	2	3	4	8	2	 	2	 	 	 	 	 	2	 	 	1515
3	5	71042V	27	2	3	1	1	2	 	1	2	3	4	1	3	2	 	 	930
3	5	71043W	27	2	3	4	8	1	07	2	 	 	 	 	 	2	 	 	1030
3	5	71044X	27	1	 	4	8	2	 	2	 	 	 	 	 	1	06	2	1110
3	5	71045Y	27	2	1	4	7	2	 	2	 	 	 	 	 	2	 	 	1410
3	5	71046Z	27	1	 	4	8	2	 	2	 	 	 	 	 	1	01	2	1025
3	5	71047A	27	1	 	3	6	1	0602	2	 	 	 	 	 	1	01	2	1305
3	5	71048B	27	2	3	4	5	1	0907	1	2	4	4	2	1	2	 	 	1410
3	5	71049C	27	1	 	3	2	1	0306	1	2	2	1	1	1	1	06	2	1620
3	5	71050D	27	1	 	3	3	1	0406	1	2	2	1	2	1	1	04	2	1133
3	5	71052F	30	2	4	4	8	8	 	2	 	 	 	 	 	1	09	2	1440
3	5	71053G	30	2	4	4	7	1	09	2	 	 	 	 	 	1	09	2	1417
3	5	71054H	30	2	3	4	8	1	06	2	 	 	 	 	 	2	 	 	1505
3	5	71056K	30	2	3	3	6	1	09	2	 	 	 	 	 	2	 	 	1535
3	5	71057L	30	2	1	3	5	1	0902	1	2	6	4	1	1	2	 	 	1359
3	5	71058M	30	2	1	2	1	1	07	1	2	1	1	1	3	1	07	2	1325
3	5	71059N	30	2	3	3	8	1	07	2	 	 	 	 	 	2	 	 	1445
3	5	71060P	30	2	3	3	2	1	08	1	2	1	1	1	3	1	09	2	955
3	5	71061Q	30	1	 	4	0	 	 	2	 	 	 	 	 	1	06	2	1230
3	5	71062R	30	1	 	1	1	1	0306	1	2	2	1	1	3	1	09	1	1138
3	5	71063S	30	2	3	3	3	1	07	1	2	2	1	1	1	2	 	 	1046
3	5	71064T	35	1	 	1	1	2	 	1	2	3	4	1	3	2	 	 	1755
3	5	71065V	35	2	4	3	1	1	09	1	2	1	3	1	1	2	 	 	1420
3	5	71066W	35	2	4	4	7	1	08	2	 	 	 	 	 	2	 	 	1440
3	5	71067X	35	1	 	1	1	2	 	1	2	1	1	1	1	2	 	 	1720
3	5	71068Y	35	2	3	4	8	1	06	2	 	 	 	 	 	2	 	 	950
3	5	71069Z	35	2	4	4	8	2	 	2	 	 	 	 	 	2	 	 	910
3	5	71071B	35	1	 	3	8	1	0609	2	 	 	 	 	 	2	 	 	1335
3	5	71072C	38	1	 	4	7	1	09	2	 	 	 	 	 	3	 	 	1415
3	5	71073D	38	2	2	4	7	1	09	2	 	 	 	 	 	2	 	 	1045
3	5	71074E	38	1	 	1	1	2	 	1	2	3	3	1	1	1	05	1	1445
3	5	71075F	38	2	3	3	3	1	0907	1	2	0	 	 	3	2	 	 	1210
3	5	71077H	38	2	1	2	4	1	02	1	1	4	4	2	1	2	 	 	1520
3	5	71078J	38	2	3	3	8	1	06	2	 	 	 	 	 	2	 	 	1200
3	5	71079K	38	2	3	3	4	1	0709	1	2	3	3	1	3	2	 	 	1055
3	5	71080L	38	2	2	3	4	1	02	1	2	3	4	1	1	1	0207	2	955
3	5	71081M	38	1	 	3	3	1	0306	1	2	3	6	1	1	2	 	 	1335
3	5	71083P	43	2	3	4	8	1	09	2	 	 	 	 	 	2	 	 	1240
3	5	71084Q	43	1	 	3	6	1	04	2	 	 	 	 	 	2	 	 	1310
3	5	71085R	43	2	1	4	6	1	09	2	 	 	 	 	 	2	 	 	1055
3	5	71086S	43	1	 	1	2	1	11	1	2	1	1	1	2	2	 	 	1515
3	5	71087T	43	2	3	4	8	1	09	2	 	 	 	 	 	1	09	2	1115
3	5	71088V	43	2	3	4	7	1	09	2	 	 	 	 	 	2	 	 	1010
3	5	71089W	43	1	 	1	1	2	 	1	2	4	4	1	1	2	 	 	1555
3	5	71090X	43	1	 	1	1	1	05	1	2	2	2	1	3	2	 	 	1500
3	5	71091Y	43	1	 	1	1	2	 	1	2	6	2	2	3	1	01	1	1220
3	5	71092Z	43	2	1	3	4	2	 	1	2	2	3	1	4	2	 	 	1135
3	5	71093A	43	1	 	1	1	2	 	1	2	7	4	2	3	2	 	 	1620
3	5	71094B	43	2	1	3	5	1	07	1	2	1	1	1	3	2	 	 	1315
3	5	71095C	46	2	3	4	8	1	0809	2	 	 	 	 	 	2	 	 	1450
3	5	71097E	46	1	 	2	2	1	03	1	2	5	2	1	1	2	 	 	1055
3	5	71099G	46	2	4	3	5	1	08	1	2	6	2	1	3	2	 	 	1608
3	5	71100H	46	2	3	3	6	1	0908	2	 	 	 	 	 	2	 	 	1825
3	5	71101J	46	1	 	1	1	2	 	1	2	6	2	1	3	2	 	 	1200
3	5	71102K	46	1	 	1	1	2	 	1	2	5	4	1	1	2	 	 	945
3	5	71103L	46	1	 	1	1	1	05	1	2	4	2	1	3	1	08	1	1425
3	5	71104M	46	1	 	1	1	2	 	1	2	6	2	1	3	1	04	2	1735
3	5	71105N	46	1	 	1	1	2	 	1	2	5	2	1	3	1	0604	2	1235
3	5	71107Q	46	1	 	2	5	1	03	1	3	9	2	4	4	2	 	 	1515
3	5	71108R	51	2	3	4	6	1	08	2	 	 	 	 	 	2	 	 	1206
3	5	71109S	51	2	3	4	8	1	09	2	 	 	 	 	 	2	 	 	932
3	5	71112W	51	1	 	1	1	2	 	1	2	2	8	1	1	1	09	1	1505
3	5	71113X	51	2	2	4	7	1	06	2	 	 	 	 	 	1	09	2	1023
3	5	71114Y	51	2	3	4	4	1	09	1	2	1	1	1	3	1	0709	2	1638
3	5	71116A	51	1	 	3	5	1	09	1	2	1	8	2	3	1	0609	2	1548
3	5	71118C	54	2	2	4	8	1	09	2	 	 	 	 	 	2	 	 	1300
3	5	71119D	54	2	3	4	8	1	09	2	 	 	 	 	 	1	09	2	1805
3	5	71120E	54	2	3	3	3	1	0205	1	2	5	4	2	3	1	09	2	1100
3	5	71121F	54	1	 	1	1	2	 	1	2	4	2	1	3	2	 	 	1640
3	5	71122G	54	1	 	1	1	1	06	1	2	5	4	1	3	2	 	 	1245
3	5	71123H	54	1	1	1	1	1	04	1	2	5	2	1	4	2	 	 	1050
3	5	71124J	54	1	 	4	3	1	07	1	2	5	4	1	4	1	07	2	1205
3	5	71125K	54	1	 	1	1	2	 	1	1	4	2	1	3	2	 	 	1600
3	5	71126L	54	1	 	3	3	1	0206	1	2	4	2	1	1	3	 	 	1135
3	5	71127M	54	1	 	1	1	2	 	1	2	7	2	1	3	2	 	 	1520
3	5	71128N	54	2	1	4	6	1	09	2	 	 	 	 	 	3	 	 	1430
3	5	71129P	54	2	1	4	6	1	07	2	 	 	 	 	 	1	09	2	1005
3	5	71130Q	59	2	3	3	6	1	09	2	 	 	 	 	 	2	 	 	1520
3	5	71131R	62	1	 	1	1	2	 	1	2	3	1	1	3	2	 	 	1240
3	5	71132S	62	1	 	3	2	1	0506	1	2	1	3	1	3	2	 	 	1055
3	5	71133T	62	1	 	3	1	1	07	1	2	3	2	1	3	2	 	 	1315
3	5	71134V	62	1	 	1	2	2	 	1	2	4	2	1	3	2	 	 	1150
3	5	71135W	62	1	 	3	5	1	06	1	2	1	1	1	1	1	06	2	1100
3	5	71136X	62	1	 	4	7	1	11	2	 	 	 	 	 	1	06	2	1625
3	5	71137Y	62	1	 	3	5	1	06	1	2	3	2	1	3	2	 	 	955
3	5	71138Z	62	2	1	3	6	1	09	2	 	 	 	 	 	2	 	 	1715
3	5	71139A	62	2	2	4	7	2	 	2	 	 	 	 	 	2	 	 	1145
3	5	71140B	62	2	3	3	6	1	09	2	 	 	 	 	 	2	 	 	1040
3	5	71141C	67	1	 	2	2	2	 	1	2	2	4	2	3	2	 	 	1107
3	5	71142D	67	1	 	2	3	1	05	1	2	1	1	2	1	1	05	2	1340
3	5	71143E	67	1	 	3	2	2	 	1	2	2	1	1	3	2	 	 	1044
3	5	71144F	67	1	 	2	2	2	 	1	2	1	1	2	3	2	 	 	1443
3	5	71145G	67	1	 	2	2	1	04	1	2	1	1	1	1	2	 	 	1140
3	5	71146H	70	1	 	4	8	1	0306	2	 	 	 	 	 	1	06	2	1026
3	5	71147J	70	1	 	1	2	2	 	1	2	3	3	1	1	2	 	 	1416
3	5	71148K	70	2	3	4	7	1	07	2	 	 	 	 	 	1	09	2	1505
3	5	71149L	70	2	3	3	5	2	 	1	2	3	2	1	3	2	 	 	1131
3	5	71151N	70	1	 	1	1	2	 	1	2	2	2	1	3	2	 	 	1245
3	5	71152P	70	1	 	1	1	2	 	1	2	4	3	1	1	1	04	1	1239
3	5	71153Q	70	2	2	3	3	1	0709	1	2	2	1	1	4	1	09	2	1340
3	5	71154R	70	1	 	1	1	1	0504	1	2	2	1	1	3	1	07	1	1102
3	5	71155S	70	1	 	1	1	2	 	1	2	2	1	1	3	2	 	 	1155
3	5	71156T	70	2	3	4	8	1	03	2	 	 	 	 	 	1	09	2	1552
3	5	71157V	75	2	2	4	8	0	 	2	 	 	 	 	 	2	 	 	1015
3	5	71158W	75	2	2	3	6	1	08	2	 	 	 	 	 	1	09	2	1320
3	5	71159X	75	2	3	4	7	1	0609	2	 	 	 	 	 	1	09	2	1125
3	5	71160Y	75	1	 	1	1	2	 	1	2	1	1	1	3	1	98	2	1245
3	5	71161Z	75	1	 	1	1	1	02	1	2	3	1	1	3	1	02	1	1745
3	5	71162A	75	2	4	4	8	1	06	2	 	 	 	 	 	2	 	 	1135
3	5	71163B	75	1	 	3	1	1	05	1	2	4	3	2	3	1	0405	1	1430
3	5	71164C	75	1	 	3	2	1	0602	1	2	1	1	1	3	2	 	 	1045
3	5	71165D	75	2	3	4	8	1	07	2	 	 	 	 	 	1	09	2	1100
3	5	71166E	75	2	3	3	4	1	09	1	2	1	1	1	3	2	 	 	1325
3	5	71167F	78	1	 	2	3	2	 	1	2	4	1	1	3	3	 	 	1050
3	5	71168G	78	2	1	3	5	1	07	1	2	4	3	1	3	2	 	 	1145
3	5	71169H	78	1	 	1	1	2	 	1	2	9	5	1	3	2	 	 	1110
3	5	71170J	78	1	 	1	1	2	 	1	2	2	2	1	3	2	 	 	1510
3	5	71171K	78	1	 	1	1	2	 	1	2	8	2	2	3	2	 	 	1420
3	5	71172L	3	2	4	4	7	1	07	2	 	 	 	 	 	1	0709	2	1345
3	5	71173M	3	2	2	4	5	2	 	1	2	1	1	3	3	2	 	 	1059
3	5	71174N	3	2	3	3	4	1	09	1	2	2	1	1	1	2	 	 	1659
3	5	71175P	3	1	 	1	1	2	 	1	2	3	4	1	1	2	 	 	1334
3	5	71176Q	3	1	 	4	8	1	06	2	 	 	 	 	 	1	06	2	1415
3	5	71178S	3	2	1	3	5	1	07	1	2	2	1	3	1	1	09	2	1145
3	5	71179T	3	2	4	4	8	1	08	2	 	 	 	 	 	1	09	2	1237
3	5	71235E	22	2	3	4	8	1	09	2	 	 	 	 	 	2	 	 	1410
3	5	71236F	22	2	3	3	8	1	0206	2	 	 	 	 	 	2	 	 	1505
3	5	71237G	22	2	3	4	8	1	0206	2	 	 	 	 	 	1	98	2	1700
3	5	71238H	22	1	 	4	8	1	06	2	 	 	 	 	 	2	 	 	1115
3	5	71239J	22	1	 	1	1	2	 	1	2	1	1	1	3	1	04	2	1320
3	5	71240K	22	2	2	4	8	1	0306	2	 	 	 	 	 	2	 	 	955
3	5	71241L	22	1	 	1	1	1	0306	1	2	1	1	1	1	1	0305	1	1215
3	5	71242M	22	2	3	3	2	1	09	1	2	6	3	3	3	2	 	 	1605
3	5	71243N	59	2	3	1	1	2	 	1	2	6	2	1	3	2	 	 	1215
3	5	71244P	59	1	 	1	1	2	 	1	2	1	1	1	3	2	 	 	1445
3	5	71245Q	19	1	 	3	7	1	09	2	 	 	 	 	 	1	06	2	1443
3	5	71246R	67	1	 	1	1	2	 	1	2	3	2	2	3	2	 	 	1553
3	5	71247S	67	1	 	1	1	2	 	1	2	1	1	1	3	2	 	 	1203
3	5	71249V	19	1	 	1	1	2	 	1	2	2	4	1	3	2	 	 	1744
3	5	71250W	22	2	3	4	8	1	09	2	 	 	 	 	 	2	 	 	1225
3	5	71251X	22	2	1	4	8	1	09	2	 	 	 	 	 	2	 	 	1125
3	5	71252Y	67	1	 	1	1	2	 	1	2	1	1	2	1	2	 	 	1554
3	5	71253Z	67	1	 	1	1	2	 	1	2	1	1	1	3	1	0709	1	1047
3	5	71254A	67	1	 	3	3	1	0306	1	1	5	4	2	1	1	0506	2	1248
3	5	71255B	67	1	 	3	6	1	06	2	 	 	 	 	 	2	 	 	1443
3	5	71268Q	27	2	3	4	8	2	 	2	 	 	 	 	 	2	 	 	1100
3	5	71269R	27	2	3	4	4	1	07	1	3	4	3	1	3	2	 	 	950
3	5	71270S	38	2	1	4	8	1	0206	2	 	 	 	 	 	1	09	2	1035
3	5	72180G	3	2	2	4	0	 	 	2	 	 	 	 	 	2	 	 	1450
3	5	72181H	3	2	4	3	3	2	 	1	2	0	 	 	1	2	 	2	1558
3	5	72182J	3	2	2	4	0	 	 	2	 	 	 	 	 	2	 	 	1450
3	5	72183K	3	2	3	3	4	1	07	1	2	0	 	 	1	1	07	2	1520
3	5	72184L	3	1	3	3	8	2	 	2	 	 	 	 	 	2	 	 	1605
3	5	72185M	6	2	8	1	2	2	 	1	2	0	 	 	1	2	 	 	1120
3	5	72186N	6	2	8	1	2	2	 	1	2	0	 	 	1	2	 	 	1125
3	5	72187P	11	1	 	4	5	2	 	1	3	0	 	 	1	1	04	2	1007
3	5	72188Q	11	1	 	3	1	1	06	1	2	0	 	 	3	2	 	 	1117
3	5	72189R	11	2	3	4	8	1	09	2	 	 	 	 	 	2	 	 	1040
3	5	72190S	11	2	3	4	3	1	09	1	2	5	3	2	1	2	 	 	1158
3	5	72191T	14	1	 	4	7	2	 	2	 	 	 	 	 	3	 	 	1150
3	5	72192V	14	2	1	3	0	 	 	2	 	 	 	 	 	3	 	 	1045
3	5	72193W	14	2	0	4	7	1	09	2	 	 	 	 	 	2	 	 	1255
3	5	72194X	22	1	 	4	9	 	 	2	 	 	 	 	 	2	 	 	1405
3	5	72195Y	22	1	 	3	5	1	03	1	2	1	2	4	1	2	 	 	1500
3	5	72196Z	22	2	3	4	0	 	 	2	 	 	 	 	 	2	 	 	1045
3	5	72197A	22	1	 	3	0	 	 	2	 	 	 	 	 	2	 	 	1135
3	5	72198B	22	2	3	3	6	2	 	2	 	 	 	 	 	2	 	 	1010
3	5	72199C	27	2	3	4	5	1	11	1	2	6	3	2	0	3	 	 	1720
3	5	72200D	27	2	3	4	5	2	 	1	3	0	 	 	4	3	 	 	1215
3	5	72201E	30	2	2	3	4	1	07	1	2	0	 	 	1	2	 	 	1035
3	5	72202F	35	2	3	4	4	1	09	1	2	0	 	 	3	2	 	 	1530
3	5	72203G	35	2	1	4	8	1	0306	2	 	 	 	 	 	1	02	2	1158
3	5	72204H	35	2	4	4	8	1	06	2	 	 	 	 	 	2	 	 	1335
3	5	72205J	38	2	3	0	0	 	 	2	 	 	 	 	 	2	 	 	1540
3	5	72206K	46	2	2	4	8	2	 	2	 	 	 	 	 	2	 	 	950
3	5	72207L	46	1	 	2	1	2	 	1	2	0	 	 	1	2	 	 	1205
3	5	72208M	46	1	 	1	1	2	 	1	2	0	 	 	1	2	 	 	1055
3	5	72209N	54	2	8	0	0	 	 	2	 	 	 	 	 	1	02	1	1410
3	5	72210P	54	2	1	1	1	2	 	1	1	0	 	 	1	3	 	 	1435
3	5	72211Q	59	2	3	4	6	1	05	2	 	 	 	 	 	2	 	 	1030
3	5	72212R	62	2	2	2	1	1	06	1	1	3	6	3	1	1	07	2	1400
3	5	72213S	62	2	3	3	3	2	09	1	2	0	 	 	1	2	 	 	1510
3	5	72214T	62	1	 	4	6	8	 	2	 	 	 	 	 	3	 	 	1435
3	5	72215V	75	2	3	4	8	1	06	2	3	0	0	 	0	2	 	 	1245
3	5	72217X	75	1	 	1	1	2	 	1	2	6	3	4	3	2	 	 	1230
3	5	72220A	78	2	4	4	0	 	 	2	 	 	 	 	 	3	 	 	1320
3	5	72221B	30	2	3	3	0	 	 	2	 	 	 	 	 	2	 	 	1143
3	5	72222C	30	1	 	1	1	2	 	1	2	1	1	1	3	2	 	 	1235
3	5	72223D	30	2	1	3	3	1	07	1	2	0	 	 	3	3	 	 	1120
3	5	72224E	35	1	 	3	7	1	0609	2	 	 	 	 	 	1	09	2	1600
3	5	72225F	35	2	3	3	3	1	08	1	2	4	4	3	3	2	 	 	1515
3	5	72226G	35	1	 	4	8	1	98	2	 	 	 	 	 	2	 	 	1450
3	5	72227H	43	1	 	3	4	1	09	1	2	1	1	2	3	3	 	 	1020
3	5	72228J	51	2	1	4	7	1	07	2	 	 	 	 	 	2	 	 	932
3	5	72229K	51	2	3	4	8	1	030609	2	 	 	 	 	 	1	09	2	1120
3	5	72230L	51	2	3	3	2	1	09	1	2	4	3	2	3	2	 	 	1035
3	5	72231M	43	2	3	4	8	1	98	2	 	 	 	 	 	1	09	2	1730
3	5	72232N	43	2	1	2	1	1	07	1	2	5	6	2	1	3	 	 	1655
3	5	72233P	59	2	3	1	1	2	 	1	2	0	 	 	1	2	 	 	1135
3	5	72234Q	75	2	3	3	2	2	 	1	2	0	 	 	0	3	 	 	1430
3	5	72260T	38	1	 	4	6	2	 	2	 	 	 	 	 	1	05	2	1330
3	5	72262W	67	2	1	3	6	2	 	2	 	 	 	 	 	2	 	 	1045
3	5	72263X	67	2	2	4	0	 	 	2	 	 	 	 	 	2	 	 	1122
3	5	72264Y	70	2	3	4	0	 	 	2	 	 	 	 	 	2	 	 	1212
3	5	72265Z	70	1	 	4	5	2	 	1	2	3	3	2	4	2	 	 	1122
3	5	72266A	70	1	 	4	6	1	0609	2	 	 	 	 	 	2	 	 	1046
3	5	72274J	35	2	0	0	0	 	 	2	 	 	 	 	 	2	 	 	1205
3	5	72275K	35	2	0	4	0	 	 	2	 	 	 	 	 	3	 	 	1150
3	5	72276L	38	1	 	2	1	2	 	1	2	1	8	3	1	1	06	1	1145
4	5	71257D	3	1	 	1	2	2	 	1	2	3	1	1	1	2	 	 	1020
4	5	71258E	3	2	4	4	8	2	 	2	 	 	 	 	 	1	09	2	0
4	5	71259F	3	2	4	4	8	2	 	2	 	 	 	 	 	3	 	 	 
4	5	71272V	62	1	 	1	1	2	 	1	2	2	1	1	3	2	 	 	1320
4	5	81001V	4	2	3	3	7	2	 	2	 	 	 	 	 	2	 	 	1235
4	5	81002W	4	2	3	3	4	1	09	1	2	0	 	 	1	2	 	 	1402
4	5	81003X	4	1	 	3	4	1	08	1	2	3	1	1	3	2	 	 	1200
4	5	81004Y	4	2	3	4	8	1	06	2	 	 	 	 	 	2	 	 	1432
4	5	81005Z	4	2	3	3	1	1	02	1	2	4	4	1	3	1	02	2	1310
4	5	81006A	4	1	 	3	7	1	0306	2	 	 	 	 	 	2	 	 	1314
4	5	81007B	4	1	 	1	1	2	 	1	2	7	4	1	1	1	0102	1	1515
4	5	81008C	4	2	3	4	8	1	09	2	 	 	 	 	 	2	 	 	1332
4	5	81009D	4	2	1	2	3	2	 	1	2	3	4	1	3	2	 	 	1117
4	5	81012G	5	2	3	4	7	1	09	2	 	 	 	 	 	2	 	 	1324
4	5	81014J	5	2	3	3	8	2	 	2	 	 	 	 	 	2	 	 	1055
4	5	81015K	5	2	1	4	8	1	0609	2	 	 	 	 	 	2	 	 	1500
4	5	81016L	5	1	 	3	1	1	04	1	2	2	4	1	3	2	 	 	1417
4	5	81017M	5	1	 	1	2	2	 	1	2	1	1	1	3	2	 	 	1010
4	5	81018N	5	1	 	1	1	2	 	1	2	1	1	1	3	2	 	 	1235
4	5	81020Q	12	2	3	3	8	1	030609	2	 	 	 	 	 	1	09	2	1505
4	5	81021R	12	1	 	2	3	1	09	1	2	0	 	 	3	2	 	 	1620
4	5	81022S	12	2	2	1	1	1	07	1	2	0	 	 	1	2	 	 	1130
4	5	81023T	12	1	 	2	3	1	030604	1	2	0	 	 	1	1	06	1	1325
4	5	81024V	12	2	1	4	8	2	 	2	 	 	 	 	 	2	 	 	1335
4	5	81025W	12	2	1	3	7	1	08	2	 	 	 	 	 	2	 	 	1245
4	5	81026X	12	1	 	2	5	2	 	1	2	3	1	1	3	2	 	 	1210
4	5	81027Y	12	1	 	3	4	1	0306	1	2	1	1	1	3	2	 	 	1210
4	5	81028Z	12	1	 	1	1	2	 	1	2	1	1	1	3	2	 	 	1020
4	5	81029A	12	1	 	3	6	2	 	2	 	 	 	 	 	3	 	 	1415
4	5	81030B	12	2	2	1	3	2	 	1	2	0	 	 	1	2	 	 	1055
4	5	81032D	13	2	3	4	5	1	0607	1	2	4	8	2	1	2	 	 	1435
4	5	81033E	13	2	3	4	8	1	0609	2	 	 	 	 	 	2	 	 	1402
4	5	81034F	13	2	2	4	8	1	08	2	 	 	 	 	 	2	 	 	1130
4	5	81037J	13	2	3	4	8	1	09	2	 	 	 	 	 	2	 	 	1157
4	5	81038K	13	2	3	4	5	1	09	1	2	1	1	1	1	1	09	2	1045
4	5	81039L	13	1	 	1	1	2	 	1	2	3	1	1	3	2	 	 	1331
4	5	81041N	13	1	 	3	5	1	0506	1	2	5	4	3	3	2	 	 	1535
4	5	81042P	20	1	 	3	3	2	 	1	2	3	6	2	3	2	 	 	1402
4	5	81043Q	20	1	 	3	3	1	04	1	2	2	1	1	3	2	 	 	1024
4	5	81044R	20	1	 	2	2	1	0603	1	2	3	4	2	3	1	04	2	1325
4	5	81045S	20	2	1	3	5	1	09	1	2	2	4	1	1	3	 	 	1111
4	5	81046T	20	2	3	4	6	1	11	2	 	 	 	 	 	3	 	 	1216
4	5	81047V	21	2	3	4	8	1	09	2	 	 	 	 	 	3	 	 	1224
4	5	81048W	21	2	3	3	3	1	08	1	3	4	4	2	1	2	 	 	1358
4	5	81049X	21	2	3	4	6	2	 	2	 	 	 	 	 	2	 	 	1212
4	5	81050Y	21	1	 	3	2	1	06	1	2	5	2	1	3	2	 	 	1305
4	5	81051Z	21	2	3	4	7	1	09	2	 	 	 	 	 	2	 	 	1030
4	5	81055D	21	1	 	1	1	2	 	1	2	5	2	1	3	2	 	 	1610
4	5	81056E	21	1	 	3	6	1	040608	2	 	 	 	 	 	2	 	 	1517
4	5	81057F	21	1	 	1	2	2	 	1	1	3	2	3	3	2	 	 	845
4	5	81058G	21	1	 	1	1	2	 	1	2	4	2	1	3	2	 	 	1025
4	5	81059H	21	2	3	3	6	1	09	2	 	 	 	 	 	1	09	2	919
4	5	81060J	21	1	 	2	2	2	 	1	2	2	2	1	3	2	 	 	1126
4	5	81061K	21	1	 	4	6	2	 	2	 	 	 	 	 	1	0611	2	945
4	5	81062L	21	1	 	1	1	1	0402	1	1	4	6	2	1	1	0407	2	1236
4	5	81063M	21	2	1	4	6	1	09	2	 	 	 	 	 	1	09	2	1125
4	5	81065P	28	1	 	3	4	1	04	1	2	2	1	2	3	1	0104	2	1125
4	5	81066Q	28	1	 	2	1	1	11	1	1	3	3	1	3	1	04	1	1315
4	5	81067R	28	1	 	1	1	2	 	1	2	1	1	1	1	1	01	1	1310
4	5	81068S	28	2	1	2	4	1	09	1	2	1	2	1	3	1	09	2	1045
4	5	81069T	28	1	 	1	1	2	 	1	2	1	2	1	3	2	 	 	1610
4	5	81070V	28	1	 	1	1	2	 	1	1	1	1	1	3	2	 	 	1135
4	5	81071W	28	2	3	4	4	1	09	1	2	1	1	1	1	2	 	 	1510
4	5	81072X	29	2	3	3	7	1	0609	2	 	 	 	 	 	2	 	 	1555
4	5	81073Y	29	1	 	1	1	2	 	1	2	4	4	1	3	2	 	 	1449
4	5	81074Z	29	1	 	1	1	1	06	1	2	2	1	1	1	2	 	 	1350
4	5	81075A	29	2	1	4	8	1	09	2	 	 	 	 	 	2	 	 	1435
4	5	81076B	29	1	 	1	2	2	 	1	2	3	1	1	3	1	05	2	1440
4	5	81077C	29	2	3	3	5	1	07	1	2	4	3	1	1	2	 	 	1340
4	5	81078D	29	2	3	4	0	 	 	2	 	 	 	 	 	2	 	 	1435
4	5	81079E	36	1	 	1	1	1	06	1	2	4	6	1	1	2	 	 	1106
4	5	81080F	36	2	1	4	3	1	0609	1	2	2	4	1	3	2	 	 	1547
4	5	81081G	36	1	 	1	2	2	 	1	2	4	3	1	3	2	 	 	1232
4	5	81083J	36	1	 	4	5	2	 	1	2	4	3	1	3	2	 	 	1155
4	5	81084K	36	2	1	3	4	1	0907	1	2	5	2	2	3	1	09	2	1710
4	5	81085L	36	2	3	4	6	1	09	2	 	 	 	 	 	2	 	 	1427
4	5	81086M	36	1	 	1	1	2	 	1	2	4	2	1	3	2	 	 	1459
4	5	81087N	36	1	 	1	1	1	04	1	2	5	2	2	3	2	 	 	1652
4	5	81088P	36	1	 	1	1	2	 	1	2	6	2	1	3	2	 	 	1028
4	5	81089Q	36	2	3	4	8	1	0206	2	 	 	 	 	 	2	 	 	1548
4	5	81090R	36	1	 	1	2	2	 	1	2	8	2	2	3	2	 	 	1145
4	5	81091S	37	2	3	2	1	2	 	1	2	2	1	1	3	2	 	 	1155
4	5	81092T	37	2	3	3	4	1	07	1	2	1	1	1	3	3	 	 	1032
4	5	81093V	37	1	3	3	3	1	0609	1	2	1	1	1	1	2	 	 	1445
4	5	81094W	37	1	 	1	1	1	04	1	2	2	2	1	3	2	 	 	1117
4	5	81095X	37	1	 	3	6	1	03	2	 	 	 	 	 	2	 	 	1550
4	5	81096Y	37	1	 	3	6	1	0309	2	 	 	 	 	 	1	09	2	1230
4	5	81097Z	37	1	 	2	1	1	09	1	2	5	3	2	3	2	 	 	1130
4	5	81098A	37	1	 	1	1	1	06	1	2	2	2	1	3	2	 	 	1450
4	5	81100C	44	1	 	1	1	2	 	1	2	4	4	1	3	1	04	1	1855
4	5	81101D	44	1	 	1	1	1	0204	1	2	5	2	1	3	2	 	 	1755
4	5	81102E	44	1	 	3	4	2	 	1	2	3	4	4	3	1	11	2	1120
4	5	81103F	44	2	1	2	5	2	 	1	2	3	4	2	1	1	09	1	1415
4	5	81104G	44	1	 	3	3	1	09	1	2	3	3	1	3	3	 	 	1115
4	5	81105H	44	2	3	4	6	1	09	2	 	 	 	 	 	2	 	 	1505
4	5	81106J	44	1	 	4	8	1	09	2	 	 	 	 	 	1	09	2	1700
4	5	81107K	44	1	 	1	1	2	 	1	2	3	2	1	3	2	 	 	1530
4	5	81108L	44	1	 	2	1	1	04	1	2	6	2	2	3	2	 	 	1150
4	5	81109M	44	1	 	3	4	2	 	1	2	5	2	2	3	1	01	2	1205
4	5	81110N	44	1	 	1	1	1	050609	1	2	4	3	2	3	2	 	 	1035
4	5	81111P	44	1	 	1	1	2	 	1	2	4	2	1	1	2	 	 	1115
4	5	81112Q	44	2	2	3	1	2	 	1	2	1	1	1	1	2	 	 	1030
4	5	81113R	45	1	 	3	7	1	06	2	 	 	 	 	 	1	0406	2	1635
4	5	81114S	45	1	 	3	3	2	 	1	2	1	1	1	3	2	 	 	947
4	5	81115T	45	2	1	4	8	1	09	2	 	 	 	 	 	2	 	 	1058
4	5	81116V	45	2	1	4	8	1	09	2	 	 	 	 	 	2	 	 	1336
4	5	81118X	45	1	 	3	1	1	03	1	2	6	3	3	3	3	 	 	1130
4	5	81119Y	45	1	 	4	8	1	0306	2	 	 	 	 	 	2	 	 	1440
4	5	81120Z	45	1	 	1	1	1	09	1	2	9	2	2	3	2	 	 	1755
4	5	81121A	45	2	3	4	8	1	09	2	 	 	 	 	 	2	 	 	1205
4	5	81122B	45	2	3	4	8	1	0206	2	 	 	 	 	 	1	09	2	1003
4	5	81123C	45	1	 	3	4	2	 	1	2	3	1	3	1	2	 	 	1206
4	5	81124D	45	1	 	3	3	1	0409	1	2	2	3	1	3	2	 	 	1122
4	5	81125E	45	2	3	3	8	1	09	2	 	 	 	 	 	1	09	2	1025
4	5	81126F	45	2	3	4	5	2	 	1	2	2	2	1	3	2	 	 	1319
4	5	81127G	45	1	 	2	3	1	07	1	2	2	7	1	1	2	 	 	1015
4	5	81128H	45	2	3	4	3	1	09	1	2	6	2	1	3	2	 	 	1620
4	5	81129J	45	2	2	4	8	1	09	2	 	 	 	 	 	2	 	 	1522
4	5	81130K	45	1	 	1	1	2	 	1	2	6	2	1	3	1	04	1	1300
4	5	81131L	52	1	 	1	1	2	 	1	2	7	5	2	3	2	 	 	1305
4	5	81133N	52	1	 	3	4	1	05	1	2	3	2	1	3	1	04	2	1445
4	5	81134P	52	1	 	1	2	2	 	1	2	3	2	1	3	1	04	1	1550
4	5	81135Q	52	1	 	1	1	1	04	1	2	2	2	1	3	2	 	 	1255
4	5	81137S	52	1	 	2	3	2	 	1	2	1	1	1	3	2	 	 	1040
4	5	81138T	52	1	 	4	3	2	 	1	2	1	8	2	3	2	 	 	1505
4	5	81139V	52	2	3	4	5	1	09	1	2	1	1	1	3	2	 	 	1125
4	5	81141X	53	2	3	4	8	1	0609	2	 	 	 	 	 	2	 	 	1043
4	5	81142Y	53	1	 	4	7	1	08	2	 	 	 	 	 	2	 	 	1722
4	5	81143Z	53	1	 	3	3	1	04	1	2	2	3	1	1	3	 	 	1515
4	5	81144A	53	2	3	4	8	2	 	2	 	 	 	 	 	2	 	 	1445
4	5	81145B	53	1	 	1	1	2	 	1	2	2	2	1	3	2	 	 	1220
4	5	81146C	53	1	 	2	2	1	0504	1	2	3	2	1	3	2	 	 	1255
4	5	81148E	53	1	 	1	1	2	 	1	1	6	2	2	3	2	 	 	1620
4	5	81149F	53	1	 	1	2	2	 	1	2	2	2	1	3	1	06	2	1145
4	5	81150G	53	2	3	3	4	2	 	1	2	7	3	2	1	2	 	 	1050
4	5	81151H	53	2	3	4	8	1	09	2	 	 	 	 	 	2	 	 	1347
4	5	81152J	60	2	2	4	8	1	07	2	 	 	 	 	 	1	09	2	1330
4	5	81153K	60	1	 	3	2	1	06	1	2	1	1	1	3	2	 	 	1245
4	5	81155M	60	1	 	3	3	2	 	1	2	3	4	1	1	1	060905	2	1350
4	5	81156N	60	1	 	1	2	2	 	1	2	1	1	1	3	2	 	 	1225
4	5	81158Q	60	2	2	4	8	1	07	2	 	 	 	 	 	1	09	2	1555
4	5	81160S	60	2	3	2	6	2	 	2	 	 	 	 	 	2	 	 	1425
4	5	81161T	60	1	 	1	1	2	 	1	2	4	3	1	3	2	 	 	1455
4	5	81162V	61	1	 	1	1	2	 	1	2	1	1	1	3	2	 	 	1400
4	5	81163W	61	1	 	1	1	1	11	1	2	5	2	2	3	2	 	 	1730
4	5	81165Y	61	1	 	3	8	1	030609	2	 	 	 	 	 	1	06	2	1510
4	5	81166Z	61	2	1	4	8	1	0609	2	 	 	 	 	 	2	 	 	1245
4	5	81167A	61	1	 	3	5	1	030609	1	2	5	2	1	3	3	 	 	1520
4	5	81168B	61	2	3	4	6	1	09	2	 	 	 	 	 	2	 	 	1305
4	5	81170D	61	1	 	1	1	2	 	1	2	6	2	1	3	2	 	 	1630
4	5	81171E	61	2	2	4	8	1	030609	2	 	 	 	 	 	1	09	2	1615
4	5	81172F	68	2	4	4	8	1	09	2	 	 	 	 	 	2	 	 	1140
4	5	81173G	68	2	3	3	2	2	 	1	2	5	4	1	3	2	 	 	1500
4	5	81174H	68	2	3	4	8	1	0609	2	 	 	 	 	 	1	09	2	1210
4	5	81175J	68	2	3	3	1	1	07	1	2	4	4	2	3	2	 	 	1130
4	5	81176K	68	1	 	3	7	1	060809	2	 	 	 	 	 	1	0609	2	1115
4	5	81177L	68	1	 	1	2	2	 	1	2	6	5	1	3	1	04	2	1035
4	5	81178M	68	1	 	2	3	2	 	1	2	3	2	1	2	1	04	2	1020
4	5	81179N	68	1	 	3	3	2	 	1	2	1	4	1	1	1	04	2	1350
4	5	81180P	69	1	 	1	2	1	02	1	2	9	5	1	3	2	 	 	1140
4	5	81181Q	69	1	 	3	7	1	030609	2	 	 	 	 	 	1	06	2	940
4	5	81183S	69	1	 	1	2	2	 	1	2	4	2	1	3	2	 	 	1037
4	5	81184T	69	1	 	4	6	2	 	2	 	 	 	 	 	1	04	2	1245
4	5	81186W	69	1	 	1	1	2	 	1	2	4	2	1	3	2	 	 	1130
4	5	81187X	69	1	 	3	4	1	04	1	2	4	4	1	3	1	06	2	1247
4	5	81188Y	69	2	1	3	6	1	07	2	 	 	 	 	 	2	 	 	1035
4	5	81189Z	69	1	 	1	2	2	 	1	2	5	3	1	3	2	 	 	1355
4	5	81190A	76	1	 	1	1	1	04	1	2	3	2	1	3	2	 	 	1635
4	5	81191B	76	1	 	4	8	1	08	2	 	 	 	 	 	1	0609	2	1430
4	5	81192C	76	1	 	1	1	2	 	1	2	4	6	2	3	1	09	2	1225
4	5	81193D	76	1	 	1	1	2	 	1	2	3	2	1	3	1	0405	2	1032
4	5	81194E	76	1	 	2	2	1	05	1	2	4	4	1	3	3	 	 	1725
4	5	81195F	76	2	3	3	3	1	08	1	1	3	3	1	1	2	 	 	1225
4	5	81196G	76	2	1	1	1	2	 	1	2	3	4	1	3	2	 	 	1020
4	5	81197H	76	1	 	3	1	1	0504	1	2	2	1	1	3	2	 	 	1520
4	5	81198J	76	1	 	1	1	2	 	1	2	3	2	1	3	1	01	1	1030
4	5	81200L	76	1	 	1	1	2	 	1	2	4	2	1	3	1	0103	1	1230
4	5	81201M	76	1	 	3	3	1	0506	1	2	3	4	1	3	1	0409	2	1100
4	5	81202N	76	1	 	1	1	2	 	1	2	1	1	1	3	3	 	 	1115
4	5	81203P	77	2	3	4	8	1	09	2	 	 	 	 	 	1	09	2	1120
4	5	81204Q	77	2	3	4	7	1	09	2	 	 	 	 	 	2	 	 	1458
4	5	81205R	77	1	 	1	1	2	 	1	2	5	2	1	3	2	 	 	1135
4	5	81206S	77	1	 	3	7	1	0609	2	 	 	 	 	 	2	 	2	1045
4	5	81207T	77	2	3	3	6	1	0609	2	 	 	 	 	 	1	07	2	1402
4	5	81208V	77	2	3	3	6	1	09	2	 	 	 	 	 	2	 	 	1330
4	5	81209W	77	1	 	1	1	1	04	1	2	5	2	1	3	2	 	 	1535
4	5	81210X	77	1	 	1	1	2	 	1	2	3	8	1	3	2	 	 	1050
4	5	81211Y	77	2	3	3	6	1	09	2	 	 	 	 	 	1	09	2	1205
4	5	81212Z	77	1	 	1	1	1	02	1	2	3	3	1	3	2	 	 	1215
4	5	81213A	77	1	 	3	4	2	 	1	2	3	4	1	1	2	 	 	1355
4	5	81214B	77	1	 	2	1	1	08	1	2	3	3	1	3	2	 	 	1455
4	5	81276T	37	2	3	4	8	1	0609	2	 	 	 	 	 	2	 	 	1310
4	5	81277V	36	1	 	1	1	1	0405	1	2	6	2	2	3	2	 	 	1549
4	5	81278W	52	1	 	3	1	1	04	1	2	7	2	1	3	2	 	 	1655
4	5	81280Y	77	2	3	4	8	1	09	2	 	 	 	 	 	1	09	2	1045
4	5	81281Z	36	2	3	3	8	1	020306	2	 	 	 	 	 	2	 	 	1245
4	5	81283B	20	1	 	4	8	1	02	2	 	 	 	 	 	1	0104	2	1730
4	5	81284C	21	2	3	3	6	1	07	2	 	 	 	 	 	2	 	 	1439
4	5	81286E	12	1	 	4	7	1	07	2	 	 	 	 	 	1	010406	2	1110
4	5	81287F	44	2	3	3	1	1	08	1	2	5	4	1	1	2	 	 	1215
4	5	81288G	20	2	3	3	1	1	07	1	2	5	4	3	3	1	07	1	1201
4	5	81292L	4	2	2	4	7	1	09	2	 	 	 	 	 	3	 	 	1450
4	5	81293M	28	2	3	4	7	2	 	2	 	 	 	 	 	2	 	 	1640
4	5	82215P	4	2	3	4	4	2	 	1	2	0	 	 	1	2	 	 	1125
4	5	82216Q	4	2	3	3	5	1	08	1	2	0	 	 	1	2	 	 	1150
4	5	82218S	4	2	1	1	1	2	 	1	3	0	 	 	1	2	 	 	1550
4	5	82219T	5	2	3	3	1	1	09	1	2	0	 	 	1	1	09	1	1142
4	5	82220V	12	2	3	4	8	1	98	2	 	 	 	 	 	2	 	 	1235
4	5	82221W	12	2	3	3	7	2	09	2	 	 	 	 	 	2	 	 	1215
4	5	82222X	12	2	1	4	8	2	 	2	 	 	 	 	 	2	 	 	1050
4	5	82223Y	12	1	 	2	3	1	03	1	2	0	 	 	3	1	03	2	1545
4	5	82226B	20	2	3	3	1	1	06	1	2	0	 	 	1	2	 	 	1438
4	5	82227C	20	1	 	1	1	2	01	1	2	0	 	 	1	2	 	 	1509
4	5	82228D	21	2	0	0	2	2	 	1	3	0	 	 	1	2	 	 	955
4	5	82229E	21	2	3	4	2	2	 	1	3	0	 	 	1	2	 	 	928
4	5	82230F	28	2	4	0	6	1	09	2	 	 	 	 	 	2	 	 	1345
4	5	82231G	29	2	8	3	2	1	09	1	2	0	 	 	1	2	 	 	1400
4	5	82232H	29	2	4	3	0	 	 	2	 	 	 	 	 	2	 	 	1345
4	5	82233J	37	2	3	3	1	2	 	1	3	0	 	 	1	2	 	 	1210
4	5	82234K	37	2	3	2	3	2	 	1	3	0	 	 	1	2	 	 	1245
4	5	82235L	37	2	8	1	1	2	 	1	3	0	 	 	1	2	 	 	1050
4	5	82236M	37	2	0	0	1	2	 	1	3	0	 	 	1	2	 	 	1125
4	5	82237N	45	2	4	4	8	1	06	2	 	 	 	 	 	2	 	 	1447
4	5	82238P	45	2	3	3	8	1	06	2	 	 	 	 	 	2	 	 	1527
4	5	82239Q	45	1	 	3	8	1	0609	2	 	 	 	 	 	2	 	 	1420
4	5	82240R	45	2	3	4	8	1	06	2	 	 	 	 	 	2	 	 	1440
4	5	82241S	52	1	 	4	0	 	 	2	 	 	 	 	 	3	 	 	1145
4	5	82242T	52	1	 	1	1	1	05	1	2	1	1	1	3	1	0507	 	1040
4	5	82243V	60	2	2	2	1	2	 	1	2	0	 	 	1	2	 	 	1025
4	5	82244W	60	2	2	2	0	 	 	2	 	 	 	 	 	2	 	 	1100
4	5	82245X	60	2	2	2	0	 	 	2	 	 	 	 	 	2	 	 	1025
4	5	82246Y	60	1	 	2	0	 	 	2	 	 	 	 	 	2	 	 	1120
4	5	82247Z	61	1	 	3	4	1	0306	1	2	1	1	1	3	1	06	2	1110
4	5	82248A	61	2	8	3	5	1	07	1	2	0	 	 	4	3	 	 	1130
4	5	82249B	61	2	1	4	5	1	08	1	2	2	4	1	3	2	 	 	1136
4	5	82250C	61	2	1	4	0	 	 	2	 	 	 	 	 	2	 	 	1045
4	5	82251D	69	2	0	4	0	 	 	2	 	 	 	 	 	1	09	2	1530
4	5	82252E	69	1	 	2	1	2	 	1	2	0	 	 	0	1	01	2	1455
4	5	82253F	76	2	3	4	0	 	 	2	 	 	 	 	 	2	 	 	1110
4	5	82254G	77	2	3	4	8	1	0609	2	 	 	 	 	 	2	 	 	1535
4	5	82255H	77	2	3	4	8	1	0609	2	 	 	 	 	 	1	09	2	1250
4	5	82256J	77	2	4	4	9	 	 	2	 	 	 	 	 	2	 	 	1520
4	5	82257K	77	1	 	4	9	 	 	2	 	 	 	 	 	3	 	 	1450
4	5	82258L	77	2	3	4	8	1	09	2	 	 	 	 	 	1	09	2	1340
4	5	82259M	77	2	1	4	0	 	 	2	 	 	 	 	 	2	 	 	1430
4	5	82260N	77	1	 	3	3	1	09	1	2	3	6	1	3	1	09	2	1510
4	5	82261P	13	1	 	4	6	2	 	2	 	 	 	 	 	2	 	 	1155
4	5	82263R	21	1	 	3	2	1	06	1	1	7	3	2	1	1	0306	2	1055
4	5	82265T	21	1	 	3	0	 	 	2	 	 	 	 	 	1	06	2	1145
4	5	82266V	36	2	3	3	4	1	09	1	2	5	3	1	0	2	 	 	1111
4	5	82267W	36	2	3	3	0	 	 	2	 	 	 	 	 	2	 	 	1039
4	5	82268X	77	1	 	3	0	 	 	2	 	 	 	 	 	2	 	 	1155
4	5	82269Y	13	2	8	1	1	2	 	1	2	0	 	 	1	3	 	 	1230
4	5	82270Z	13	2	3	2	3	1	0207	1	2	0	 	 	1	2	 	 	1209
4	5	82271A	13	2	8	1	1	2	 	1	2	0	 	 	1	3	 	 	1222
4	5	82272B	21	2	3	4	8	1	0609	2	 	 	 	 	 	2	 	 	1410
4	5	82273C	21	2	3	4	8	1	09	2	 	 	 	 	 	2	 	 	1348
4	5	82274D	44	1	 	2	5	2	 	1	2	0	 	 	3	3	 	 	1330
4	5	82275E	77	2	4	0	0	 	 	2	 	 	 	 	 	2	 	 	1115
4	5	82290W	68	2	4	4	0	 	 	2	 	 	 	 	 	2	 	 	1505
4	5	82291X	68	2	4	4	8	1	09	2	 	 	 	 	 	3	 	 	1525
